2023_12_21_00_07_25_953092_cat_detected.jpg,y
2023_12_21_00_07_28_754026_cat_detected.jpg,y
2023_12_21_00_07_29_471742_cat_detected.jpg,n
2023_12_21_00_07_30_953092_cat_detected.jpg,E
2023_12_21_00_49_19_517815_cat_detected.jpg,n
2023_12_21_00_49_47_235962_cat_detected.jpg,n
2023_12_21_00_54_51_336364_cat_detected.jpg,n
2023_12_21_00_54_53_303545_cat_detected.jpg,n
2023_12_21_00_54_54_092073_cat_detected.jpg,n
2023_12_21_00_54_55_578897_cat_detected.jpg,n
2023_12_21_01_00_54_236460_cat_detected.jpg,y
2023_12_21_01_00_56_143100_cat_detected.jpg,y
2023_12_21_01_01_00_422258_cat_detected.jpg,n
2023_12_21_01_09_47_051499_cat_detected.jpg,n
2023_12_21_02_10_01_994719_cat_detected.jpg,n
2023_12_21_02_10_04_297525_cat_detected.jpg,n
2023_12_21_02_10_05_289168_cat_detected.jpg,n
2023_12_21_02_10_05_935309_cat_detected.jpg,n
2023_12_21_02_10_06_813124_cat_detected.jpg,n
2023_12_21_02_25_42_931723_cat_detected.jpg,n
2023_12_21_02_32_28_877038_cat_detected.jpg,n
2023_12_21_02_32_32_184409_cat_detected.jpg,n
2023_12_21_02_32_33_260245_cat_detected.jpg,n
2023_12_21_02_41_20_967324_cat_detected.jpg,y
2023_12_21_03_41_29_416422_cat_detected.jpg,n
2023_12_21_03_41_33_086112_cat_detected.jpg,n
2023_12_21_03_41_34_551730_cat_detected.jpg,n
2023_12_21_03_41_35_494576_cat_detected.jpg,n
2023_12_21_03_41_37_016227_cat_detected.jpg,n
2023_12_21_03_41_38_590781_cat_detected.jpg,n
2023_12_21_03_41_39_937652_cat_detected.jpg,n
2023_12_21_03_41_41_005734_cat_detected.jpg,n
2023_12_21_03_56_37_656708_cat_detected.jpg,n
2023_12_21_03_59_56_335141_cat_detected.jpg,n
2023_12_21_04_05_44_666954_cat_detected.jpg,n
2023_12_21_04_05_49_085513_cat_detected.jpg,n
2023_12_21_04_19_20_487369_cat_detected.jpg,n
2023_12_21_04_26_41_307497_cat_detected.jpg,y
2023_12_21_04_26_43_157607_cat_detected.jpg,n
2023_12_21_04_58_50_938727_cat_detected.jpg,n
2023_12_21_05_06_23_267332_cat_detected.jpg,n
2023_12_21_05_06_25_561985_cat_detected.jpg,n
2023_12_21_05_11_43_090374_cat_detected.jpg,y
2023_12_21_05_11_44_671068_cat_detected.jpg,y
2023_12_21_05_14_45_785846_cat_detected.jpg,n
2023_12_21_06_50_23_388857_cat_detected.jpg,y
2023_12_21_06_50_26_129435_cat_detected.jpg,y
2023_12_21_07_29_02_197770_cat_detected.jpg,y
2023_12_21_07_29_04_078717_cat_detected.jpg,y
2023_12_21_10_24_03_477412_cat_detected.jpg,n
2023_12_21_10_45_33_501796_cat_detected.jpg,y
2023_12_21_12_24_10_540546_cat_detected.jpg,n
2023_12_21_14_31_38_650611_cat_detected.jpg,y
2023_12_21_14_39_06_546970_cat_detected.jpg,n
2023_12_21_14_53_26_694100_cat_detected.jpg,n
2023_12_21_14_58_47_490822_cat_detected.jpg,y
2023_12_21_15_06_19_754114_cat_detected.jpg,n
2023_12_21_15_23_48_798474_cat_detected.jpg,n
2023_12_21_16_21_05_853728_cat_detected.jpg,n
2023_12_21_16_31_26_444731_cat_detected.jpg,n
2023_12_21_16_58_57_578424_cat_detected.jpg,n
2023_12_21_19_02_41_085169_cat_detected.jpg,n
2023_12_21_19_09_09_992465_cat_detected.jpg,n
2023_12_21_19_09_11_703791_cat_detected.jpg,n
2023_12_21_19_19_57_584489_cat_detected.jpg,n
2023_12_21_19_20_01_365145_cat_detected.jpg,n
2023_12_21_20_25_12_314039_cat_detected.jpg,n
2023_12_21_21_08_01_239331_cat_detected.jpg,n
2023_12_21_21_10_34_973715_cat_detected.jpg,n
2023_12_21_22_12_09_203311_cat_detected.jpg,n
2023_12_21_22_13_32_915323_cat_detected.jpg,y
2023_12_21_22_13_36_586624_cat_detected.jpg,n
2023_12_22_01_51_30_024653_cat_detected.jpg,y
2023_12_22_02_35_00_392258_cat_detected.jpg,n
2023_12_22_02_42_16_962292_cat_detected.jpg,n
2023_12_22_02_42_53_233860_cat_detected.jpg,n
2023_12_22_03_33_29_342741_cat_detected.jpg,n
2023_12_22_03_37_39_152913_cat_detected.jpg,y
2023_12_22_03_37_41_393217_cat_detected.jpg,y
2023_12_22_03_38_44_489597_cat_detected.jpg,p
2023_12_22_03_38_49_240803_cat_detected.jpg,n
2023_12_22_05_13_39_115024_cat_detected.jpg,n
2023_12_22_05_56_27_154571_cat_detected.jpg,n
2023_12_22_10_06_18_736229_cat_detected.jpg,n
2023_12_22_10_41_57_826738_cat_detected.jpg,n
2023_12_22_11_04_54_434949_cat_detected.jpg,n
2023_12_22_16_06_56_316641_cat_detected.jpg,n
2023_12_22_16_07_47_431215_cat_detected.jpg,y
2023_12_22_16_07_49_943820_cat_detected.jpg,y
2023_12_22_16_07_50_551061_cat_detected.jpg,y
2023_12_22_16_07_51_492389_cat_detected.jpg,n
2023_12_22_16_07_51_983642_cat_detected.jpg,n
2023_12_22_16_07_52_638273_cat_detected.jpg,n
2023_12_22_16_07_53_223248_cat_detected.jpg,y
2023_12_22_16_07_54_011532_cat_detected.jpg,y
2023_12_22_16_07_54_902191_cat_detected.jpg,y
2023_12_22_16_07_55_657343_cat_detected.jpg,y
2023_12_22_16_07_56_452581_cat_detected.jpg,y
2023_12_22_16_07_57_288952_cat_detected.jpg,y
2023_12_22_16_07_58_162630_cat_detected.jpg,y
2023_12_22_16_07_59_095715_cat_detected.jpg,n
2023_12_22_16_08_00_051920_cat_detected.jpg,n
2023_12_22_16_08_00_803908_cat_detected.jpg,y
2023_12_22_16_08_02_061710_cat_detected.jpg,y
2023_12_22_16_08_07_182778_cat_detected.jpg,y
2023_12_22_16_08_08_153196_cat_detected.jpg,y
2023_12_22_16_08_08_853495_cat_detected.jpg,y
2023_12_22_16_08_09_498929_cat_detected.jpg,y
2023_12_22_16_08_10_291773_cat_detected.jpg,y
2023_12_22_16_14_02_935720_cat_detected.jpg,n
2023_12_22_16_14_07_821458_cat_detected.jpg,n
2023_12_22_16_14_09_492983_cat_detected.jpg,n
2023_12_22_16_14_11_781227_cat_detected.jpg,n
2023_12_22_16_14_12_858242_cat_detected.jpg,n
2023_12_22_16_14_14_791409_cat_detected.jpg,n
2023_12_22_16_14_17_843169_cat_detected.jpg,n
2023_12_22_16_14_20_020826_cat_detected.jpg,n
2023_12_22_16_14_21_967171_cat_detected.jpg,n
2023_12_22_16_14_24_336619_cat_detected.jpg,n
2023_12_22_16_14_26_927178_cat_detected.jpg,n
2023_12_22_16_14_28_412682_cat_detected.jpg,n
2023_12_22_16_14_29_433493_cat_detected.jpg,n
2023_12_22_16_14_30_582525_cat_detected.jpg,n
2023_12_22_16_14_31_520818_cat_detected.jpg,n
2023_12_22_16_14_32_513169_cat_detected.jpg,n
2023_12_22_16_14_33_458874_cat_detected.jpg,n
2023_12_22_16_14_34_352856_cat_detected.jpg,n
2023_12_22_16_14_35_336729_cat_detected.jpg,n
2023_12_22_16_14_36_744818_cat_detected.jpg,n
2023_12_22_16_14_37_769116_cat_detected.jpg,n
2023_12_22_16_14_38_651569_cat_detected.jpg,n
2023_12_22_16_14_39_486118_cat_detected.jpg,n
2023_12_22_16_14_41_085473_cat_detected.jpg,n
2023_12_22_16_14_42_106414_cat_detected.jpg,n
2023_12_22_16_14_42_977249_cat_detected.jpg,n
2023_12_22_16_14_47_672550_cat_detected.jpg,n
2023_12_22_16_14_49_158719_cat_detected.jpg,n
2023_12_22_16_14_50_150912_cat_detected.jpg,n
2023_12_22_16_14_51_078194_cat_detected.jpg,n
2023_12_22_16_14_52_113955_cat_detected.jpg,n
2023_12_22_16_14_53_048445_cat_detected.jpg,n
2023_12_22_16_14_54_400954_cat_detected.jpg,n
2023_12_22_16_14_57_457023_cat_detected.jpg,n
2023_12_22_16_15_00_405020_cat_detected.jpg,n
2023_12_22_16_15_02_073231_cat_detected.jpg,n
2023_12_22_16_15_03_840636_cat_detected.jpg,n
2023_12_22_16_18_38_880165_cat_detected.jpg,y
2023_12_22_16_28_14_832026_cat_detected.jpg,n
2023_12_22_16_39_35_182660_cat_detected.jpg,n
2023_12_22_16_53_32_772563_cat_detected.jpg,y
2023_12_22_16_53_47_738572_cat_detected.jpg,y
2023_12_22_16_53_49_160840_cat_detected.jpg,y
2023_12_22_16_53_51_404685_cat_detected.jpg,n
2023_12_22_18_00_37_187716_cat_detected.jpg,n
2023_12_22_18_00_39_776651_cat_detected.jpg,n
2023_12_22_18_07_10_966907_cat_detected.jpg,n
2023_12_22_18_33_27_221419_cat_detected.jpg,y
2023_12_22_18_33_28_258441_cat_detected.jpg,y
2023_12_22_18_33_29_319714_cat_detected.jpg,n
2023_12_22_18_33_32_378111_cat_detected.jpg,n
2023_12_22_18_47_11_263176_cat_detected.jpg,n
2023_12_22_18_47_13_961603_cat_detected.jpg,n
2023_12_22_18_47_15_256140_cat_detected.jpg,n
2023_12_22_18_47_16_714542_cat_detected.jpg,n
2023_12_22_18_47_19_672662_cat_detected.jpg,n
2023_12_22_18_47_21_073658_cat_detected.jpg,n
2023_12_22_18_47_21_909292_cat_detected.jpg,n
2023_12_22_18_47_22_848573_cat_detected.jpg,n
2023_12_22_18_47_23_688217_cat_detected.jpg,n
2023_12_22_18_47_24_586596_cat_detected.jpg,n
2023_12_22_18_48_52_034325_cat_detected.jpg,n
2023_12_22_18_55_44_833763_cat_detected.jpg,y
2023_12_22_18_55_46_627927_cat_detected.jpg,y
2023_12_22_18_56_40_226246_cat_detected.jpg,y
2023_12_22_18_56_44_691046_cat_detected.jpg,y
2023_12_22_18_56_45_683736_cat_detected.jpg,n
2023_12_22_19_04_24_758955_cat_detected.jpg,y
2023_12_22_19_04_26_930462_cat_detected.jpg,n
2023_12_22_19_04_30_574700_cat_detected.jpg,y
2023_12_22_19_04_35_000668_cat_detected.jpg,y
2023_12_22_19_06_22_732251_cat_detected.jpg,n
2023_12_22_20_48_05_442397_cat_detected.jpg,n
2023_12_22_20_48_31_731527_cat_detected.jpg,n
2023_12_22_20_48_33_702877_cat_detected.jpg,n
2023_12_22_20_53_15_563727_cat_detected.jpg,n
2023_12_22_20_59_10_558270_cat_detected.jpg,n
2023_12_22_21_57_28_540073_cat_detected.jpg,n
2023_12_22_21_57_31_144831_cat_detected.jpg,n
2023_12_22_22_43_41_720074_cat_detected.jpg,n
2023_12_22_22_49_19_910663_cat_detected.jpg,n
2023_12_22_22_49_21_848286_cat_detected.jpg,n
2023_12_22_23_04_13_075997_cat_detected.jpg,n
2023_12_22_23_04_14_788731_cat_detected.jpg,n
2023_12_22_23_04_16_010535_cat_detected.jpg,n
2023_12_22_23_18_18_215500_cat_detected.jpg,n
2023_12_23_00_56_33_383649_cat_detected.jpg,n
2023_12_23_01_03_17_587270_cat_detected.jpg,n
2023_12_23_01_17_16_765824_cat_detected.jpg,y
2023_12_23_02_34_42_949721_cat_detected.jpg,n
2023_12_23_02_34_46_752234_cat_detected.jpg,n
2023_12_23_03_23_31_371280_cat_detected.jpg,n
2023_12_23_03_25_44_184670_cat_detected.jpg,n
2023_12_23_04_02_46_169820_cat_detected.jpg,y
2023_12_23_04_02_48_196833_cat_detected.jpg,n
2023_12_23_04_17_45_468219_cat_detected.jpg,n
2023_12_23_04_25_54_792220_cat_detected.jpg,y
2023_12_23_04_25_56_314501_cat_detected.jpg,y
2023_12_23_04_26_21_551203_cat_detected.jpg,y
2023_12_23_04_36_49_129936_cat_detected.jpg,y
2023_12_23_04_36_50_682010_cat_detected.jpg,y
2023_12_23_04_36_51_958789_cat_detected.jpg,n
2023_12_23_04_44_05_284671_cat_detected.jpg,n
2023_12_23_04_44_07_942989_cat_detected.jpg,n
2023_12_23_04_47_30_755056_cat_detected.jpg,y
2023_12_23_04_47_31_501706_cat_detected.jpg,y
2023_12_23_04_47_32_126215_cat_detected.jpg,y
2023_12_23_04_47_33_892971_cat_detected.jpg,n
2023_12_23_04_48_19_143103_cat_detected.jpg,y
2023_12_23_04_48_21_852900_cat_detected.jpg,y
2023_12_23_04_48_28_710644_cat_detected.jpg,n
2023_12_23_04_56_38_354408_cat_detected.jpg,n
2023_12_23_04_56_41_030403_cat_detected.jpg,n
2023_12_23_05_43_20_327517_cat_detected.jpg,p
2023_12_23_05_58_06_096443_cat_detected.jpg,y
2023_12_23_05_58_08_249809_cat_detected.jpg,y
2023_12_23_05_58_08_889804_cat_detected.jpg,n
2023_12_23_06_39_13_987914_cat_detected.jpg,n
2023_12_23_06_39_30_208680_cat_detected.jpg,n
2023_12_23_06_52_45_231956_cat_detected.jpg,n
2023_12_23_07_01_25_477472_cat_detected.jpg,y
2023_12_23_07_01_26_863873_cat_detected.jpg,y
2023_12_23_07_01_28_487475_cat_detected.jpg,n
2023_12_23_07_07_22_685983_cat_detected.jpg,y
2023_12_23_07_07_24_456001_cat_detected.jpg,y
2023_12_23_07_07_26_356241_cat_detected.jpg,n
2023_12_23_07_07_30_530901_cat_detected.jpg,n
2023_12_23_07_39_33_788585_cat_detected.jpg,n
2023_12_23_07_50_37_520785_cat_detected.jpg,n
2023_12_23_08_17_31_047566_cat_detected.jpg,n
2023_12_23_09_16_06_896278_cat_detected.jpg,n
2023_12_23_09_52_31_073333_cat_detected.jpg,y
2023_12_23_09_52_31_886682_cat_detected.jpg,y
2023_12_23_10_18_44_874068_cat_detected.jpg,y
2023_12_23_11_18_47_082025_cat_detected.jpg,y
2023_12_23_11_18_49_753245_cat_detected.jpg,n
2023_12_23_11_18_50_324978_cat_detected.jpg,n
2023_12_23_11_18_51_183324_cat_detected.jpg,n
2023_12_23_11_18_51_742157_cat_detected.jpg,n
2023_12_23_11_18_52_581420_cat_detected.jpg,n
2023_12_23_11_18_53_332255_cat_detected.jpg,y
2023_12_23_11_18_53_958563_cat_detected.jpg,y
2023_12_23_11_18_54_608565_cat_detected.jpg,n
2023_12_23_11_46_02_792136_cat_detected.jpg,n
2023_12_23_13_18_21_014173_cat_detected.jpg,n
2023_12_23_14_41_00_944164_cat_detected.jpg,n
2023_12_23_14_46_23_864065_cat_detected.jpg,n
2023_12_23_14_52_01_578813_cat_detected.jpg,n
2023_12_23_14_55_38_816751_cat_detected.jpg,n
2023_12_23_15_50_03_280040_cat_detected.jpg,n
2023_12_23_15_50_23_879733_cat_detected.jpg,n
2023_12_23_15_50_24_814172_cat_detected.jpg,n
2023_12_23_15_51_53_570391_cat_detected.jpg,n
2023_12_23_15_54_03_962527_cat_detected.jpg,y
2023_12_23_15_57_58_510736_cat_detected.jpg,n
2023_12_23_17_26_46_544491_cat_detected.jpg,y
2023_12_23_17_26_49_421948_cat_detected.jpg,y
2023_12_23_18_06_51_504225_cat_detected.jpg,n
2023_12_23_18_10_56_781754_cat_detected.jpg,n
2023_12_23_18_10_59_835752_cat_detected.jpg,n
2023_12_23_18_16_43_100500_cat_detected.jpg,y
2023_12_23_18_16_44_764700_cat_detected.jpg,n
2023_12_23_18_16_57_709663_cat_detected.jpg,n
2023_12_23_19_25_14_344850_cat_detected.jpg,n
2023_12_23_19_48_47_036690_cat_detected.jpg,n
2023_12_23_19_48_50_875266_cat_detected.jpg,n
2023_12_23_19_48_52_252049_cat_detected.jpg,n
2023_12_23_19_50_05_536185_cat_detected.jpg,n
2023_12_23_19_50_08_001355_cat_detected.jpg,n
2023_12_23_19_50_08_924004_cat_detected.jpg,n
2023_12_23_19_50_09_621806_cat_detected.jpg,n
2023_12_23_19_50_10_507533_cat_detected.jpg,n
2023_12_23_19_50_11_681458_cat_detected.jpg,n
2023_12_23_20_27_27_281832_cat_detected.jpg,n
2023_12_23_22_11_19_416596_cat_detected.jpg,n
2023_12_23_22_16_42_517890_cat_detected.jpg,n
2023_12_23_22_21_39_544066_cat_detected.jpg,n
2023_12_23_23_21_27_066000_cat_detected.jpg,n
2023_12_23_23_21_29_554416_cat_detected.jpg,n
2023_12_23_23_26_34_500266_cat_detected.jpg,n
2023_12_23_23_31_44_774625_cat_detected.jpg,y
2023_12_23_23_31_47_259271_cat_detected.jpg,y
2024_02_29_17_21_31_137830_cat_detected.jpg,x
2024_02_29_18_55_25_761756_cat_detected.jpg,x
2024_02_29_19_05_54_419685_cat_detected.jpg,x
2024_02_29_19_05_55_146856_cat_detected.jpg,x
2024_02_29_19_05_55_856762_cat_detected.jpg,x
2024_02_29_19_10_32_129317_cat_detected.jpg,x
2024_02_29_19_10_32_453437_cat_detected.jpg,x
2024_02_29_19_10_32_723687_cat_detected.jpg,x
2024_02_29_19_10_33_028493_cat_detected.jpg,x
2024_02_29_19_10_33_312657_cat_detected.jpg,x
2024_02_29_19_41_35_074764_cat_detected.jpg,x
2024_02_29_20_10_32_376816_cat_detected.jpg,y
2024_02_29_20_11_45_518281_cat_detected.jpg,n
2024_02_29_20_12_15_227803_cat_detected.jpg,n
2024_02_29_20_12_15_422887_cat_detected.jpg,n
2024_02_29_20_12_42_409110_cat_detected.jpg,y
2024_02_29_20_12_51_718583_cat_detected.jpg,y
2024_02_29_20_13_05_282203_cat_detected.jpg,y
2024_02_29_20_13_05_501089_cat_detected.jpg,y
2024_02_29_20_13_05_885363_cat_detected.jpg,y
2024_02_29_21_44_16_895577_cat_detected.jpg,y
2024_02_29_21_44_17_813025_cat_detected.jpg,y
2024_02_29_21_45_28_884039_cat_detected.jpg,y
2024_02_29_21_45_48_664274_cat_detected.jpg,y
2024_02_29_21_45_48_843065_cat_detected.jpg,y
2024_02_29_21_45_49_018903_cat_detected.jpg,y
2024_02_29_21_45_53_571660_cat_detected.jpg,y
2024_02_29_22_15_05_331653_cat_detected.jpg,n
2024_03_01_14_47_39_715503_cat_detected.jpg,y
2024_03_01_19_02_12_746700_cat_detected.jpg,y
2024_03_01_19_02_12_927612_cat_detected.jpg,y
2024_03_01_19_49_11_828312_cat_detected.jpg,y
2024_03_01_19_49_12_007108_cat_detected.jpg,y
2024_03_01_19_49_12_184233_cat_detected.jpg,y
2024_03_01_22_36_03_945329_cat_detected.jpg,y
2024_03_01_22_36_04_115445_cat_detected.jpg,y
2024_03_01_22_36_04_823104_cat_detected.jpg,y
2024_03_02_12_07_58_767531_cat_detected.jpg,n
2024_03_02_15_03_47_790776_cat_detected.jpg,n
2024_03_02_20_51_58_673734_cat_detected.jpg,n
2024_03_02_20_58_37_221630_cat_detected.jpg,y
2024_03_02_20_58_37_378557_cat_detected.jpg,y
2024_03_02_20_58_37_534578_cat_detected.jpg,y
2024_03_02_20_58_37_685309_cat_detected.jpg,y
2024_03_02_20_58_37_835835_cat_detected.jpg,y
2024_03_02_20_58_37_986155_cat_detected.jpg,y
2024_03_02_20_58_43_844167_cat_detected.jpg,y
2024_03_02_22_23_27_287354_cat_detected.jpg,y
2024_03_02_23_00_52_756378_cat_detected.jpg,y
2024_03_02_23_00_52_951390_cat_detected.jpg,y
2024_03_02_23_00_53_155708_cat_detected.jpg,y
2024_03_02_23_00_53_355670_cat_detected.jpg,y
2024_03_02_23_00_53_553089_cat_detected.jpg,y
2024_03_02_23_00_53_750317_cat_detected.jpg,y
2024_03_02_23_00_55_201504_cat_detected.jpg,y
2024_03_02_23_00_55_402154_cat_detected.jpg,y
2024_03_02_23_00_55_599005_cat_detected.jpg,y
2024_03_02_23_00_55_796530_cat_detected.jpg,y
2024_03_02_23_00_55_990492_cat_detected.jpg,y
2024_03_02_23_00_59_005915_cat_detected.jpg,y
2024_03_02_23_00_59_253829_cat_detected.jpg,y
2024_03_02_23_00_59_448824_cat_detected.jpg,y
2024_03_02_23_00_59_642663_cat_detected.jpg,y
2024_03_02_23_00_59_839375_cat_detected.jpg,y
2024_03_02_23_01_00_031180_cat_detected.jpg,y
2024_03_02_23_01_00_223872_cat_detected.jpg,y
2024_03_02_23_01_02_736343_cat_detected.jpg,y
2024_03_02_23_01_02_935898_cat_detected.jpg,y
2024_03_02_23_01_03_128024_cat_detected.jpg,y
2024_03_02_23_01_03_321804_cat_detected.jpg,y
2024_03_02_23_01_03_516578_cat_detected.jpg,y
2024_03_02_23_49_40_200182_cat_detected.jpg,n
2024_03_03_00_47_58_060985_cat_detected.jpg,y
2024_03_03_00_47_59_049397_cat_detected.jpg,y
2024_03_03_00_47_59_194755_cat_detected.jpg,y
2024_03_03_10_05_19_953104_cat_detected.jpg,n
2024_03_03_10_16_30_408471_cat_detected.jpg,y
2024_03_03_15_48_48_068894_cat_detected.jpg,y
2024_03_03_15_48_53_559108_cat_detected.jpg,y
2024_03_03_17_20_40_470558_cat_detected.jpg,n
2024_03_03_17_29_14_611617_cat_detected.jpg,n
2024_03_03_17_29_15_712524_cat_detected.jpg,n
2024_03_03_17_29_16_779949_cat_detected.jpg,n
2024_03_03_17_29_21_092676_cat_detected.jpg,n
2024_03_03_17_29_23_995569_cat_detected.jpg,n
2024_03_03_17_29_26_073156_cat_detected.jpg,n
2024_03_03_17_29_26_728691_cat_detected.jpg,n
2024_03_03_17_29_29_632466_cat_detected.jpg,n
2024_03_03_17_29_30_291501_cat_detected.jpg,n
2024_03_03_17_29_31_388784_cat_detected.jpg,n
2024_03_03_17_30_00_044959_cat_detected.jpg,n
2024_03_03_17_58_40_008603_cat_detected.jpg,n
2024_03_03_17_58_40_657635_cat_detected.jpg,n
2024_03_03_17_58_41_097354_cat_detected.jpg,n
2024_03_04_06_21_20_729176_cat_detected.jpg,y
2024_03_04_06_21_23_691765_cat_detected.jpg,n
2024_03_04_15_29_40_109239_cat_detected.jpg,n
2024_03_04_15_29_43_096833_cat_detected.jpg,n
2024_03_04_15_29_44_296071_cat_detected.jpg,n
2024_03_04_15_29_44_986636_cat_detected.jpg,n
2024_03_04_15_29_46_169790_cat_detected.jpg,n
2024_03_04_15_29_46_380486_cat_detected.jpg,n
2024_03_04_15_29_48_157392_cat_detected.jpg,n
2024_03_04_15_29_48_354640_cat_detected.jpg,n
2024_03_04_15_29_48_549113_cat_detected.jpg,n
2024_03_04_15_29_48_910711_cat_detected.jpg,n
2024_03_04_15_29_49_107947_cat_detected.jpg,n
2024_03_04_15_29_49_798818_cat_detected.jpg,n
2024_03_04_15_29_51_408763_cat_detected.jpg,n
2024_03_04_15_29_51_616284_cat_detected.jpg,n
2024_03_04_15_29_51_819629_cat_detected.jpg,n
2024_03_04_15_29_52_195113_cat_detected.jpg,n
2024_03_04_15_29_52_555485_cat_detected.jpg,n
2024_03_04_15_29_53_575648_cat_detected.jpg,n
2024_03_04_15_29_54_856213_cat_detected.jpg,n
2024_03_04_15_29_55_386553_cat_detected.jpg,n
2024_03_04_15_29_55_586764_cat_detected.jpg,n
2024_03_04_20_22_36_350814_cat_detected.jpg,y
2024_03_04_21_31_19_975077_cat_detected.jpg,y
2024_03_04_21_31_20_127073_cat_detected.jpg,y
2024_03_04_21_31_20_629137_cat_detected.jpg,y
2024_03_04_21_31_20_910681_cat_detected.jpg,y
2024_03_04_21_31_21_062075_cat_detected.jpg,y
2024_03_04_21_31_21_209580_cat_detected.jpg,y
2024_03_05_04_23_15_054302_cat_detected.jpg,y
2024_03_05_06_35_22_044323_cat_detected.jpg,y
2024_03_05_09_17_37_978329_cat_detected.jpg,y
2024_03_05_09_17_38_253942_cat_detected.jpg,y
2024_03_05_10_08_58_259317_cat_detected.jpg,y
2024_03_05_10_08_58_462578_cat_detected.jpg,y
2024_03_05_10_08_58_840557_cat_detected.jpg,y
2024_03_05_12_41_04_515048_cat_detected.jpg,n
2024_03_05_12_41_05_560104_cat_detected.jpg,n
2024_03_05_12_41_05_930665_cat_detected.jpg,n
2024_03_05_12_41_06_129562_cat_detected.jpg,n
2024_03_05_12_41_06_325986_cat_detected.jpg,n
2024_03_05_12_41_06_856665_cat_detected.jpg,n
2024_03_05_13_39_18_874999_cat_detected.jpg,n
2024_03_05_13_39_19_391112_cat_detected.jpg,n
2024_03_05_13_39_20_383282_cat_detected.jpg,n
2024_03_05_13_57_27_359141_cat_detected.jpg,n
2024_03_05_20_00_48_984102_cat_detected.jpg,y
2024_03_05_20_00_49_390860_cat_detected.jpg,y
2024_03_05_22_22_06_127223_cat_detected.jpg,y
2024_03_05_22_22_06_456202_cat_detected.jpg,y
2024_03_05_22_22_06_699637_cat_detected.jpg,y
2024_03_06_06_06_38_032625_cat_detected.jpg,n
2024_03_06_06_08_46_774188_cat_detected.jpg,y
2024_03_06_14_16_23_655467_cat_detected.jpg,y
2024_03_06_14_16_23_863154_cat_detected.jpg,y
2024_03_06_15_27_45_201635_cat_detected.jpg,n
2024_03_06_15_27_45_984137_cat_detected.jpg,n
2024_03_06_15_27_46_168508_cat_detected.jpg,n
2024_03_06_15_27_46_498888_cat_detected.jpg,n
2024_03_06_15_27_48_031811_cat_detected.jpg,n
2024_03_06_15_27_48_515550_cat_detected.jpg,n
2024_03_06_15_27_50_830789_cat_detected.jpg,n
2024_03_06_15_27_51_328292_cat_detected.jpg,n
2024_03_06_15_27_51_957540_cat_detected.jpg,n
2024_03_06_15_27_54_097749_cat_detected.jpg,n
2024_03_06_15_27_54_887179_cat_detected.jpg,n
2024_03_06_15_27_55_971858_cat_detected.jpg,n
2024_03_06_22_22_10_215713_cat_detected.jpg,y
2024_03_06_22_22_11_986093_cat_detected.jpg,y
2024_03_06_23_02_02_020560_cat_detected.jpg,n
2024_03_06_23_04_45_391891_cat_detected.jpg,y
2024_03_06_23_04_45_547525_cat_detected.jpg,y
2024_03_06_23_04_45_694079_cat_detected.jpg,y
2024_03_06_23_04_45_836218_cat_detected.jpg,y
2024_03_06_23_04_45_985585_cat_detected.jpg,y
2024_03_06_23_04_46_134963_cat_detected.jpg,y
2024_03_06_23_14_52_844869_cat_detected.jpg,n
2024_03_07_02_51_53_291430_cat_detected.jpg,n
2024_03_07_06_14_37_824371_cat_detected.jpg,n
2024_03_07_06_14_38_554099_cat_detected.jpg,n
2024_03_07_06_14_43_270700_cat_detected.jpg,n
2024_03_07_08_41_55_832933_cat_detected.jpg,n
2024_03_07_13_58_15_145394_cat_detected.jpg,n
2024_03_07_13_58_15_852081_cat_detected.jpg,n
2024_03_07_13_58_17_222743_cat_detected.jpg,n
2024_03_07_13_58_18_091722_cat_detected.jpg,n
2024_03_07_13_58_18_460595_cat_detected.jpg,n
2024_03_07_13_58_18_997310_cat_detected.jpg,n
2024_03_07_13_58_20_614758_cat_detected.jpg,n
2024_03_07_13_58_21_321551_cat_detected.jpg,n
2024_03_07_13_58_21_692435_cat_detected.jpg,n
2024_03_07_13_58_21_893850_cat_detected.jpg,n
2024_03_07_13_58_22_259903_cat_detected.jpg,n
2024_03_07_13_58_22_461719_cat_detected.jpg,n
2024_03_07_13_58_24_240662_cat_detected.jpg,n
2024_03_07_13_58_25_284437_cat_detected.jpg,n
2024_03_07_13_58_27_833215_cat_detected.jpg,n
2024_03_07_14_27_28_091871_cat_detected.jpg,n
2024_03_07_15_04_23_597496_cat_detected.jpg,n
2024_03_07_15_04_24_221577_cat_detected.jpg,n
2024_03_07_15_04_24_646320_cat_detected.jpg,n
2024_03_07_15_04_27_207423_cat_detected.jpg,n
2024_03_07_15_04_32_275295_cat_detected.jpg,n
2024_03_07_15_48_05_469104_cat_detected.jpg,n
2024_03_07_15_48_05_696412_cat_detected.jpg,n
2024_03_07_15_48_06_868634_cat_detected.jpg,n
2024_03_07_15_48_07_096817_cat_detected.jpg,n
2024_03_07_15_48_07_890104_cat_detected.jpg,n
2024_03_07_17_42_31_253440_cat_detected.jpg,y
2024_03_07_20_45_37_227505_cat_detected.jpg,y
2024_03_07_21_04_26_848470_cat_detected.jpg,x
2024_03_07_21_04_29_043289_cat_detected.jpg,x
2024_03_07_21_04_29_365816_cat_detected.jpg,x
2024_03_08_17_54_05_299113_cat_detected.jpg,n
2024_03_10_06_25_47_844941_cat_detected.jpg,n
2024_03_10_06_26_21_085899_cat_detected.jpg,n
2024_03_10_06_26_29_412954_cat_detected.jpg,n
2024_03_11_19_45_44_045173_cat_detected.jpg,y
2024_03_12_19_36_33_546197_cat_detected.jpg,n
2024_03_14_02_14_37_837119_cat_detected.jpg,y
2024_03_14_05_54_52_940509_cat_detected.jpg,n
2024_03_15_07_45_54_244327_cat_detected.jpg,n
2024_03_15_11_12_29_381873_cat_detected.jpg,y
2024_03_15_17_22_43_335632_cat_detected.jpg,n
2024_03_15_19_04_09_417642_cat_detected.jpg,n
2024_03_16_06_15_43_993718_cat_detected.jpg,n
2024_03_16_06_15_52_327973_cat_detected.jpg,n
2024_03_16_17_37_32_991664_cat_detected.jpg,n
2024_03_16_17_37_41_542703_cat_detected.jpg,n
2024_03_16_18_12_03_238124_cat_detected.jpg,n
2024_03_16_18_12_28_669431_cat_detected.jpg,n
2024_03_16_18_12_45_653038_cat_detected.jpg,n
2024_03_18_00_53_14_042305_cat_detected.jpg,y
2024_03_21_20_23_34_001252_cat_detected.jpg,y
2024_03_23_13_42_56_977515_cat_detected.jpg,y
2024_03_24_20_53_15_314282_cat_detected.jpg,n
2024_03_26_14_11_49_850430_cat_detected.jpg,n
2024_03_26_14_11_49_902143_cat_detected.jpg,n
2024_03_26_15_15_25_570018_cat_detected.jpg,n
2024_03_26_15_15_25_671550_cat_detected.jpg,n
2024_03_26_17_51_43_322161_cat_detected.jpg,E
2024_03_28_13_09_57_112072_cat_detected.jpg,n
2024_03_28_13_09_57_147471_cat_detected.jpg,n
2024_03_28_15_04_20_743962_cat_detected.jpg,x
2024_03_28_15_04_21_017318_cat_detected.jpg,x
2024_03_28_15_04_21_209973_cat_detected.jpg,x
2024_03_28_15_04_21_404143_cat_detected.jpg,x
2024_03_28_15_04_21_597006_cat_detected.jpg,x
2024_03_28_15_04_21_787332_cat_detected.jpg,x
2024_03_28_15_04_31_057800_cat_detected.jpg,x
2024_03_28_15_04_33_416884_cat_detected.jpg,x
2024_03_28_15_04_40_938967_cat_detected.jpg,x
2024_03_28_15_04_41_130042_cat_detected.jpg,x
2024_03_28_15_04_41_320074_cat_detected.jpg,x
2024_03_28_15_04_41_636444_cat_detected.jpg,x
2024_03_28_15_04_41_827935_cat_detected.jpg,x
2024_03_28_15_04_51_505934_cat_detected.jpg,x
2024_03_28_15_04_51_710861_cat_detected.jpg,x
2024_03_28_15_04_51_910918_cat_detected.jpg,x
2024_03_28_15_04_54_561006_cat_detected.jpg,x
2024_03_28_15_04_54_758726_cat_detected.jpg,x
2024_03_28_15_04_54_950969_cat_detected.jpg,x
2024_03_28_15_04_55_141065_cat_detected.jpg,x
2024_03_28_15_04_55_333174_cat_detected.jpg,x
2024_03_28_15_04_55_781228_cat_detected.jpg,x
2024_03_28_15_04_56_100095_cat_detected.jpg,x
2024_03_28_15_04_56_517983_cat_detected.jpg,x
2024_03_28_15_04_57_831119_cat_detected.jpg,x
2024_03_28_15_04_59_121152_cat_detected.jpg,x
2024_03_28_15_05_00_415075_cat_detected.jpg,x
2024_03_28_15_05_01_828904_cat_detected.jpg,x
2024_03_28_15_21_17_412441_cat_detected.jpg,x
2024_03_28_15_21_17_582314_cat_detected.jpg,x
2024_03_28_15_21_17_747750_cat_detected.jpg,x
2024_03_28_15_21_17_912527_cat_detected.jpg,x
2024_03_28_15_21_18_078580_cat_detected.jpg,x
2024_03_28_15_21_18_244931_cat_detected.jpg,x
2024_03_28_15_21_18_411550_cat_detected.jpg,x
2024_03_28_15_21_18_812726_cat_detected.jpg,x
2024_03_28_15_21_18_982326_cat_detected.jpg,x
2024_03_28_15_21_19_150575_cat_detected.jpg,x
2024_03_28_15_21_19_433861_cat_detected.jpg,x
2024_03_28_15_21_19_950721_cat_detected.jpg,x
2024_03_28_15_21_21_866037_cat_detected.jpg,x
2024_03_28_15_21_22_031943_cat_detected.jpg,x
2024_03_28_15_21_22_200421_cat_detected.jpg,x
2024_03_28_15_21_22_716134_cat_detected.jpg,x
2024_03_28_15_21_22_882608_cat_detected.jpg,x
2024_03_28_15_21_23_050864_cat_detected.jpg,x
2024_03_28_15_21_23_216475_cat_detected.jpg,x
2024_03_28_15_21_23_383241_cat_detected.jpg,x
2024_03_28_15_21_23_550828_cat_detected.jpg,x
2024_03_28_15_21_23_717529_cat_detected.jpg,x
2024_03_28_15_21_23_779253_cat_mouth_detected.jpg,x
2024_03_28_15_21_23_910584_cat_detected.jpg,x
2024_03_28_15_21_24_075626_cat_detected.jpg,x
2024_03_28_15_21_24_241016_cat_detected.jpg,x
2024_03_28_15_21_24_409936_cat_detected.jpg,x
2024_03_28_15_21_24_574545_cat_detected.jpg,x
2024_03_28_15_21_24_740943_cat_detected.jpg,x
2024_03_28_15_21_25_610132_cat_detected.jpg,x
2024_03_28_15_21_26_010899_cat_detected.jpg,x
2024_03_28_15_21_26_528172_cat_detected.jpg,x
2024_03_28_15_21_28_678917_cat_detected.jpg,x
2024_03_28_15_21_28_747626_cat_mouth_detected.jpg,x
2024_03_28_15_21_29_114107_cat_detected.jpg,x
2024_03_28_15_21_29_178283_cat_mouth_detected.jpg,x
2024_03_28_15_21_29_544202_cat_detected.jpg,x
2024_03_28_15_27_23_218791_cat_detected.jpg,x
2024_03_28_15_27_23_514240_cat_detected.jpg,x
2024_03_28_15_27_23_577290_cat_mouth_detected.jpg,x
2024_03_28_15_27_25_737524_cat_detected.jpg,x
2024_03_28_15_27_25_800752_cat_mouth_detected.jpg,x
2024_03_28_15_27_26_049189_cat_detected.jpg,x
2024_03_28_15_27_26_115126_cat_mouth_detected.jpg,x
2024_03_28_15_27_26_244752_cat_detected.jpg,x
2024_03_28_15_27_26_309481_cat_mouth_detected.jpg,x
2024_03_28_15_27_26_440467_cat_detected.jpg,x
2024_03_28_15_27_26_505329_cat_mouth_detected.jpg,x
2024_03_28_15_27_26_982438_cat_detected.jpg,x
2024_03_28_15_31_58_644601_cat_detected.jpg,x
2024_03_28_15_31_58_815150_cat_detected.jpg,x
2024_03_28_15_32_18_820043_cat_detected.jpg,x
2024_03_28_15_32_19_509938_cat_detected.jpg,x
2024_03_28_15_32_19_782253_cat_detected.jpg,x
2024_03_28_15_32_20_157226_cat_detected.jpg,x
2024_03_28_15_32_20_322843_cat_detected.jpg,x
2024_03_28_15_32_20_493888_cat_detected.jpg,x
2024_03_28_15_32_20_660780_cat_detected.jpg,x
2024_03_28_15_32_20_929925_cat_detected.jpg,x
2024_03_28_15_32_21_097110_cat_detected.jpg,x
2024_03_28_15_32_21_263156_cat_detected.jpg,x
2024_03_28_15_32_21_431518_cat_detected.jpg,x
2024_03_28_15_32_21_702799_cat_detected.jpg,x
2024_03_28_15_32_21_872836_cat_detected.jpg,x
2024_03_28_15_32_22_039622_cat_detected.jpg,x
2024_03_28_15_32_23_342177_cat_detected.jpg,x
2024_03_28_15_32_23_819088_cat_detected.jpg,x
2024_03_28_15_32_23_886613_cat_mouth_detected.jpg,x
2024_03_28_15_32_26_356540_cat_detected.jpg,x
2024_03_28_15_32_26_420563_cat_mouth_detected.jpg,x
2024_03_28_15_32_26_759356_cat_detected.jpg,x
2024_03_28_15_32_26_820280_cat_mouth_detected.jpg,x
2024_03_28_15_46_04_366749_cat_detected.jpg,x
2024_03_28_15_46_05_220287_cat_mouth_detected.jpg,n
2024_03_28_15_46_07_577302_cat_detected.jpg,n
2024_03_28_15_46_07_822805_cat_detected.jpg,n
2024_03_28_15_46_09_545467_cat_detected.jpg,n
2024_03_28_15_46_10_008744_cat_detected.jpg,n
2024_03_28_15_46_10_286566_cat_detected.jpg,n
2024_03_28_15_46_10_457155_cat_mouth_detected.jpg,n
2024_03_28_15_46_10_721909_cat_detected.jpg,n
2024_03_28_15_46_10_924635_cat_mouth_detected.jpg,n
2024_03_28_15_46_11_259160_cat_detected.jpg,n
2024_03_28_15_46_11_422316_cat_mouth_detected.jpg,n
2024_03_28_15_46_11_677691_cat_detected.jpg,n
2024_03_28_15_46_11_826005_cat_mouth_detected.jpg,n
2024_03_28_15_46_12_342991_cat_detected.jpg,n
2024_03_28_15_46_12_521428_cat_mouth_detected.jpg,n
2024_03_28_15_46_12_810249_cat_detected.jpg,n
2024_03_28_15_46_12_986280_cat_mouth_detected.jpg,n
2024_03_28_15_46_13_217849_cat_detected.jpg,n
2024_03_28_15_46_13_354528_cat_mouth_detected.jpg,n
2024_03_28_15_46_13_665632_cat_detected.jpg,n
2024_03_28_15_46_13_883833_cat_mouth_detected.jpg,n
2024_03_28_15_46_14_109034_cat_detected.jpg,n
2024_03_28_15_46_14_256587_cat_mouth_detected.jpg,n
2024_03_28_15_46_14_568213_cat_detected.jpg,n
2024_03_28_15_46_14_724705_cat_mouth_detected.jpg,n
2024_03_28_15_46_14_969564_cat_detected.jpg,n
2024_03_28_15_46_15_156897_cat_mouth_detected.jpg,n
2024_03_28_15_46_15_522114_cat_detected.jpg,n
2024_03_28_15_46_15_713878_cat_mouth_detected.jpg,n
2024_03_28_15_46_15_917665_cat_detected.jpg,n
2024_03_28_15_46_16_081556_cat_mouth_detected.jpg,n
2024_03_28_15_46_16_440409_cat_detected.jpg,n
2024_03_28_15_46_16_713472_cat_mouth_detected.jpg,n
2024_03_28_15_46_17_113105_cat_detected.jpg,n
2024_03_28_15_46_17_280736_cat_mouth_detected.jpg,n
2024_03_28_16_20_27_504358_cat_detected.jpg,n
2024_03_28_16_20_27_901281_cat_mouth_detected.jpg,y
2024_03_28_16_20_28_235503_cat_detected.jpg,y
2024_03_28_16_20_28_435331_cat_mouth_detected.jpg,y
2024_03_28_16_20_28_684282_cat_detected.jpg,y
2024_03_28_16_20_28_838986_cat_mouth_detected.jpg,y
2024_03_28_16_20_29_138824_cat_detected.jpg,y
2024_03_28_16_20_29_341702_cat_mouth_detected.jpg,y
2024_03_28_16_20_29_611151_cat_detected.jpg,y
2024_03_28_16_20_29_782953_cat_mouth_detected.jpg,y
2024_03_28_16_20_30_064711_cat_detected.jpg,y
2024_03_28_16_20_30_273179_cat_mouth_detected.jpg,y
2024_03_28_16_20_31_023516_cat_detected.jpg,n
2024_03_28_16_20_31_407453_cat_detected.jpg,n
2024_03_28_16_20_31_774574_cat_detected.jpg,n
2024_03_28_16_25_13_863390_cat_detected.jpg,n
2024_03_28_16_25_14_079710_cat_mouth_detected.jpg,n
2024_03_28_16_25_15_420581_cat_detected.jpg,n
2024_03_28_16_25_15_707288_cat_detected.jpg,n
2024_03_28_16_26_57_935698_cat_detected.jpg,n
2024_03_28_16_26_58_726273_cat_detected.jpg,n
2024_03_28_16_26_59_082544_cat_detected.jpg,n
2024_03_28_16_26_59_891653_cat_detected.jpg,n
2024_03_28_16_27_00_107167_cat_detected.jpg,n
2024_03_28_16_27_00_418686_cat_detected.jpg,n
2024_03_28_16_27_00_570860_cat_mouth_detected.jpg,n
2024_03_28_16_30_01_900268_cat_detected.jpg,n
2024_03_28_16_30_02_595240_cat_detected.jpg,n
2024_03_28_16_30_02_852552_cat_detected.jpg,n
2024_03_28_16_30_03_164290_cat_detected.jpg,n
2024_03_28_16_30_03_419296_cat_detected.jpg,n
2024_03_28_16_38_08_343174_cat_detected.jpg,n
2024_03_28_16_38_09_199231_cat_detected.jpg,n
2024_03_28_16_38_09_506986_cat_detected.jpg,n
2024_03_28_16_38_09_811165_cat_detected.jpg,n
2024_03_28_16_38_10_081249_cat_detected.jpg,n
2024_03_28_16_38_10_801769_cat_detected.jpg,n
2024_03_28_16_38_11_074076_cat_detected.jpg,n
2024_03_28_16_38_11_590883_cat_detected.jpg,n
2024_03_28_16_38_11_739180_cat_mouth_detected.jpg,n
2024_03_28_16_48_58_632400_cat_detected.jpg,y
2024_03_28_16_48_58_810490_cat_mouth_detected.jpg,y
2024_03_28_16_49_02_195943_cat_detected.jpg,n
2024_03_28_16_49_02_481017_cat_detected.jpg,n
2024_03_28_17_01_51_644438_cat_detected.jpg,n
2024_03_28_17_01_52_185852_cat_detected.jpg,n
2024_03_28_17_01_52_683749_cat_detected.jpg,n
2024_03_28_17_01_53_020826_cat_detected.jpg,n
2024_03_28_17_01_53_389569_cat_detected.jpg,n
2024_03_28_17_01_53_711187_cat_detected.jpg,n
2024_03_28_17_01_54_029234_cat_detected.jpg,n
2024_03_28_17_01_54_434027_cat_detected.jpg,n
2024_03_28_17_13_48_297692_cat_detected.jpg,n
2024_03_28_17_13_48_376110_cat_mouth_detected.jpg,n
2024_03_28_17_13_49_587473_cat_detected.jpg,n
2024_03_28_17_13_49_655683_cat_mouth_detected.jpg,n
2024_03_28_17_13_49_793643_cat_detected.jpg,n
2024_03_28_17_13_50_054117_cat_detected.jpg,n
2024_03_28_17_13_50_313218_cat_detected.jpg,n
2024_03_28_17_13_50_478290_cat_detected.jpg,n
2024_03_28_17_13_50_834659_cat_detected.jpg,n
2024_03_28_17_13_50_902683_cat_mouth_detected.jpg,n
2024_03_28_17_13_51_060091_cat_detected.jpg,n
2024_03_28_17_13_51_126540_cat_mouth_detected.jpg,n
2024_03_28_17_13_51_264022_cat_detected.jpg,n
2024_03_28_17_13_51_332861_cat_mouth_detected.jpg,n
2024_03_28_17_13_51_471369_cat_detected.jpg,n
2024_03_28_17_13_51_830664_cat_detected.jpg,n
2024_03_28_17_13_51_995773_cat_detected.jpg,n
2024_03_28_17_13_52_061186_cat_mouth_detected.jpg,n
2024_03_28_17_13_52_478445_cat_detected.jpg,n
2024_03_28_17_13_52_543075_cat_mouth_detected.jpg,n
2024_03_28_17_13_52_667988_cat_detected.jpg,n
2024_03_28_17_13_52_733037_cat_mouth_detected.jpg,n
2024_03_28_17_14_05_256429_cat_detected.jpg,n
2024_03_28_17_14_05_330642_cat_mouth_detected.jpg,n
2024_03_28_17_14_05_561235_cat_detected.jpg,n
2024_03_28_17_14_05_627416_cat_mouth_detected.jpg,n
2024_03_28_17_19_23_155868_cat_detected.jpg,y
2024_03_28_17_19_23_232353_cat_mouth_detected.jpg,y
2024_03_28_17_19_24_441073_cat_detected.jpg,y
2024_03_28_17_19_24_510788_cat_mouth_detected.jpg,y
2024_03_28_17_19_24_937060_cat_detected.jpg,y
2024_03_28_17_19_25_006660_cat_mouth_detected.jpg,y
2024_03_28_17_19_25_135362_cat_detected.jpg,y
2024_03_28_17_19_25_200027_cat_mouth_detected.jpg,y
2024_03_28_17_19_25_333923_cat_detected.jpg,n
2024_03_28_17_19_25_400941_cat_mouth_detected.jpg,n
2024_03_28_17_19_25_530012_cat_detected.jpg,n
2024_03_28_17_19_25_594679_cat_mouth_detected.jpg,n
2024_03_28_17_19_25_722562_cat_detected.jpg,n
2024_03_28_17_19_25_788445_cat_mouth_detected.jpg,n
2024_03_28_17_19_25_923844_cat_detected.jpg,n
2024_03_28_17_19_25_991614_cat_mouth_detected.jpg,n
2024_03_28_17_19_26_124057_cat_detected.jpg,n
2024_03_28_17_19_26_188877_cat_mouth_detected.jpg,n
2024_03_28_17_19_26_341731_cat_detected.jpg,n
2024_03_28_17_19_26_407636_cat_mouth_detected.jpg,n
2024_03_28_17_19_26_535504_cat_detected.jpg,n
2024_03_28_17_19_26_598062_cat_mouth_detected.jpg,n
2024_03_28_17_19_26_733877_cat_detected.jpg,n
2024_03_28_17_19_26_800709_cat_mouth_detected.jpg,n
2024_03_28_17_19_26_933891_cat_detected.jpg,n
2024_03_28_17_19_26_998860_cat_mouth_detected.jpg,n
2024_03_28_17_19_27_159577_cat_detected.jpg,n
2024_03_28_17_19_27_227397_cat_mouth_detected.jpg,n
2024_03_28_17_19_27_357196_cat_detected.jpg,n
2024_03_28_17_19_27_422398_cat_mouth_detected.jpg,n
2024_03_28_17_19_27_553844_cat_detected.jpg,n
2024_03_28_17_19_27_619851_cat_mouth_detected.jpg,n
2024_03_28_17_19_27_747380_cat_detected.jpg,n
2024_03_28_17_19_27_813078_cat_mouth_detected.jpg,n
2024_03_28_17_19_27_952150_cat_detected.jpg,n
2024_03_28_17_19_28_018376_cat_mouth_detected.jpg,n
2024_03_28_17_19_28_144427_cat_detected.jpg,n
2024_03_28_17_19_28_209311_cat_mouth_detected.jpg,n
2024_03_28_17_19_28_335482_cat_detected.jpg,n
2024_03_28_17_19_28_400186_cat_mouth_detected.jpg,n
2024_03_28_17_19_28_526712_cat_detected.jpg,n
2024_03_28_17_19_28_593964_cat_mouth_detected.jpg,n
2024_03_28_17_19_28_722561_cat_detected.jpg,n
2024_03_28_17_19_28_788615_cat_mouth_detected.jpg,n
2024_03_28_17_19_28_914918_cat_detected.jpg,n
2024_03_28_17_19_28_979997_cat_mouth_detected.jpg,n
2024_03_28_17_19_29_107964_cat_detected.jpg,n
2024_03_28_17_19_29_171768_cat_mouth_detected.jpg,n
2024_03_28_17_19_29_299589_cat_detected.jpg,n
2024_03_28_17_19_29_364122_cat_mouth_detected.jpg,n
2024_03_28_17_19_29_491965_cat_detected.jpg,n
2024_03_28_17_19_29_556583_cat_mouth_detected.jpg,n
2024_03_28_17_19_29_682334_cat_detected.jpg,n
2024_03_28_17_19_29_746302_cat_mouth_detected.jpg,n
2024_03_28_17_19_29_874277_cat_detected.jpg,n
2024_03_28_17_19_29_940425_cat_mouth_detected.jpg,n
2024_03_28_17_19_30_066799_cat_detected.jpg,n
2024_03_28_17_19_30_131885_cat_mouth_detected.jpg,n
2024_03_28_17_19_30_739229_cat_detected.jpg,n
2024_03_28_17_19_30_805381_cat_mouth_detected.jpg,n
2024_03_28_17_19_30_932716_cat_detected.jpg,n
2024_03_28_17_19_30_997583_cat_mouth_detected.jpg,n
2024_03_28_17_19_31_122844_cat_detected.jpg,n
2024_03_28_17_19_31_186725_cat_mouth_detected.jpg,n
2024_03_28_17_19_31_313735_cat_detected.jpg,n
2024_03_28_17_19_31_379647_cat_mouth_detected.jpg,n
2024_03_28_17_19_31_506274_cat_detected.jpg,y
2024_03_28_17_19_31_571684_cat_mouth_detected.jpg,y
2024_03_28_17_19_31_698788_cat_detected.jpg,y
2024_03_28_17_19_31_763468_cat_mouth_detected.jpg,y
2024_03_28_17_19_31_889453_cat_detected.jpg,y
2024_03_28_17_19_31_954994_cat_mouth_detected.jpg,y
2024_03_28_17_19_32_083480_cat_detected.jpg,y
2024_03_28_17_19_32_150895_cat_mouth_detected.jpg,y
2024_03_28_17_19_32_278360_cat_detected.jpg,y
2024_03_28_17_19_32_343398_cat_mouth_detected.jpg,y
2024_03_28_17_19_32_471693_cat_detected.jpg,y
2024_03_28_17_19_32_537518_cat_mouth_detected.jpg,y
2024_03_28_17_19_32_665289_cat_detected.jpg,y
2024_03_28_17_19_32_731501_cat_mouth_detected.jpg,y
2024_03_28_17_19_32_857440_cat_detected.jpg,y
2024_03_28_17_19_32_922932_cat_mouth_detected.jpg,y
2024_03_28_17_19_33_049393_cat_detected.jpg,y
2024_03_28_17_19_33_113613_cat_mouth_detected.jpg,y
2024_03_28_17_19_33_238804_cat_detected.jpg,y
2024_03_28_17_19_33_305300_cat_mouth_detected.jpg,y
2024_03_28_17_19_33_432312_cat_detected.jpg,y
2024_03_28_17_19_33_496544_cat_mouth_detected.jpg,y
2024_03_28_17_19_33_624498_cat_detected.jpg,y
2024_03_28_17_19_33_690803_cat_mouth_detected.jpg,y
2024_03_28_17_19_33_816346_cat_detected.jpg,y
2024_03_28_17_19_33_882654_cat_mouth_detected.jpg,y
2024_03_28_17_19_34_010610_cat_detected.jpg,y
2024_03_28_17_19_34_078431_cat_mouth_detected.jpg,y
2024_03_28_17_19_34_204017_cat_detected.jpg,y
2024_03_28_17_19_34_269469_cat_mouth_detected.jpg,y
2024_03_28_17_19_34_396083_cat_detected.jpg,y
2024_03_28_17_19_34_463849_cat_mouth_detected.jpg,y
2024_03_28_17_19_34_590517_cat_detected.jpg,y
2024_03_28_17_19_34_653199_cat_mouth_detected.jpg,y
2024_03_28_17_19_34_781641_cat_detected.jpg,y
2024_03_28_17_19_34_846915_cat_mouth_detected.jpg,y
2024_03_28_17_19_34_972205_cat_detected.jpg,y
2024_03_28_17_19_35_036529_cat_mouth_detected.jpg,y
2024_03_28_17_19_35_163629_cat_detected.jpg,y
2024_03_28_17_19_35_230125_cat_mouth_detected.jpg,y
2024_03_28_17_19_35_358158_cat_detected.jpg,y
2024_03_28_17_19_35_421990_cat_mouth_detected.jpg,y
2024_03_28_17_19_35_548186_cat_detected.jpg,y
2024_03_28_17_19_35_614799_cat_mouth_detected.jpg,y
2024_03_28_17_19_35_740575_cat_detected.jpg,y
2024_03_28_17_19_35_804768_cat_mouth_detected.jpg,y
2024_03_28_17_19_35_931115_cat_detected.jpg,y
2024_03_28_17_19_35_995212_cat_mouth_detected.jpg,y
2024_03_28_17_19_36_122296_cat_detected.jpg,y
2024_03_28_17_19_36_191076_cat_mouth_detected.jpg,y
2024_03_28_17_19_36_316281_cat_detected.jpg,y
2024_03_28_17_19_36_380682_cat_mouth_detected.jpg,y
2024_03_28_17_19_36_506894_cat_detected.jpg,y
2024_03_28_17_19_36_571954_cat_mouth_detected.jpg,y
2024_03_28_17_19_36_699985_cat_detected.jpg,n
2024_03_28_17_19_36_762404_cat_mouth_detected.jpg,n
2024_03_28_17_19_36_888613_cat_detected.jpg,n
2024_03_28_17_19_36_952925_cat_mouth_detected.jpg,n
2024_03_28_17_19_37_079629_cat_detected.jpg,n
2024_03_28_17_19_37_143730_cat_mouth_detected.jpg,n
2024_03_28_17_19_37_269718_cat_detected.jpg,n
2024_03_28_17_19_37_334773_cat_mouth_detected.jpg,n
2024_03_28_17_19_37_460527_cat_detected.jpg,n
2024_03_28_17_19_37_525471_cat_mouth_detected.jpg,n
2024_03_28_17_19_37_650947_cat_detected.jpg,n
2024_03_28_17_19_37_716668_cat_mouth_detected.jpg,n
2024_03_28_17_19_37_842850_cat_detected.jpg,n
2024_03_28_17_19_37_906693_cat_mouth_detected.jpg,n
2024_03_28_17_19_38_032766_cat_detected.jpg,n
2024_03_28_17_19_38_102027_cat_mouth_detected.jpg,n
2024_03_28_17_19_38_229390_cat_detected.jpg,n
2024_03_28_17_19_38_298081_cat_mouth_detected.jpg,n
2024_03_28_17_19_38_425157_cat_detected.jpg,n
2024_03_28_17_19_38_487863_cat_mouth_detected.jpg,n
2024_03_28_17_19_38_613394_cat_detected.jpg,n
2024_03_28_17_19_38_680985_cat_mouth_detected.jpg,n
2024_03_28_17_19_38_807597_cat_detected.jpg,n
2024_03_28_17_19_38_872552_cat_mouth_detected.jpg,n
2024_03_28_17_19_38_998321_cat_detected.jpg,n
2024_03_28_17_19_39_064483_cat_mouth_detected.jpg,n
2024_03_28_17_19_39_191470_cat_detected.jpg,n
2024_03_28_17_19_39_256493_cat_mouth_detected.jpg,n
2024_03_28_17_19_39_384812_cat_detected.jpg,n
2024_03_28_17_19_39_449649_cat_mouth_detected.jpg,n
2024_03_28_17_19_39_630347_cat_detected.jpg,n
2024_03_28_17_19_39_703688_cat_mouth_detected.jpg,y
2024_03_28_17_19_39_900156_cat_detected.jpg,y
2024_03_28_17_19_39_974583_cat_mouth_detected.jpg,y
2024_03_28_17_19_40_171561_cat_detected.jpg,y
2024_03_28_17_19_40_247025_cat_mouth_detected.jpg,y
2024_03_28_17_19_40_462322_cat_detected.jpg,y
2024_03_28_17_19_40_527121_cat_mouth_detected.jpg,y
2024_03_28_17_19_40_672829_cat_detected.jpg,y
2024_03_28_17_19_40_792557_cat_mouth_detected.jpg,y
2024_03_28_17_19_41_070741_cat_detected.jpg,y
2024_03_28_17_19_41_265552_cat_mouth_detected.jpg,y
2024_03_28_17_19_41_517236_cat_detected.jpg,y
2024_03_28_17_19_41_622291_cat_mouth_detected.jpg,y
2024_03_28_17_19_41_895856_cat_detected.jpg,y
2024_03_28_17_19_41_963600_cat_mouth_detected.jpg,y
2024_03_28_17_19_42_209532_cat_detected.jpg,y
2024_03_28_17_19_42_297421_cat_mouth_detected.jpg,y
2024_03_28_17_19_42_527437_cat_detected.jpg,y
2024_03_28_17_19_42_659165_cat_mouth_detected.jpg,y
2024_03_28_17_19_42_881405_cat_detected.jpg,y
2024_03_28_17_19_42_977053_cat_mouth_detected.jpg,y
2024_03_28_17_19_43_214144_cat_detected.jpg,y
2024_03_28_17_19_43_281152_cat_mouth_detected.jpg,y
2024_03_28_17_19_43_424331_cat_detected.jpg,y
2024_03_28_17_19_43_500629_cat_mouth_detected.jpg,y
2024_03_28_17_19_43_641265_cat_detected.jpg,y
2024_03_28_17_19_43_708608_cat_mouth_detected.jpg,y
2024_03_28_17_19_43_838930_cat_detected.jpg,y
2024_03_28_17_19_43_906525_cat_mouth_detected.jpg,n
2024_03_28_17_19_44_035657_cat_detected.jpg,n
2024_03_28_17_19_44_100007_cat_mouth_detected.jpg,n
2024_03_28_17_19_44_250492_cat_detected.jpg,n
2024_03_28_17_19_44_319037_cat_mouth_detected.jpg,n
2024_03_28_17_19_44_447225_cat_detected.jpg,n
2024_03_28_17_19_44_509915_cat_mouth_detected.jpg,n
2024_03_28_17_19_44_644015_cat_detected.jpg,n
2024_03_28_17_19_44_710958_cat_mouth_detected.jpg,n
2024_03_28_17_19_44_849443_cat_detected.jpg,n
2024_03_28_17_19_44_914478_cat_mouth_detected.jpg,n
2024_03_28_17_19_45_045018_cat_detected.jpg,n
2024_03_28_17_19_45_109748_cat_mouth_detected.jpg,n
2024_03_28_17_19_45_249308_cat_detected.jpg,n
2024_03_28_17_19_45_311840_cat_mouth_detected.jpg,n
2024_03_28_17_19_45_444253_cat_detected.jpg,n
2024_03_28_17_19_45_507613_cat_mouth_detected.jpg,n
2024_03_28_17_19_45_634723_cat_detected.jpg,n
2024_03_28_17_19_45_702876_cat_mouth_detected.jpg,n
2024_03_28_17_19_45_833823_cat_detected.jpg,n
2024_03_28_17_19_45_898465_cat_mouth_detected.jpg,n
2024_03_28_17_19_46_026209_cat_detected.jpg,n
2024_03_28_17_19_46_093773_cat_mouth_detected.jpg,n
2024_03_28_17_19_46_222485_cat_detected.jpg,n
2024_03_28_17_19_46_288706_cat_mouth_detected.jpg,n
2024_03_28_17_19_46_417395_cat_detected.jpg,n
2024_03_28_17_19_46_482656_cat_mouth_detected.jpg,n
2024_03_28_17_19_46_614188_cat_detected.jpg,n
2024_03_28_17_19_46_678159_cat_mouth_detected.jpg,n
2024_03_28_17_19_46_805098_cat_detected.jpg,n
2024_03_28_17_19_46_868210_cat_mouth_detected.jpg,n
2024_03_28_17_19_46_994665_cat_detected.jpg,n
2024_03_28_17_19_47_061674_cat_mouth_detected.jpg,n
2024_03_28_17_19_47_194244_cat_detected.jpg,n
2024_03_28_17_19_47_261987_cat_mouth_detected.jpg,n
2024_03_28_17_19_47_401651_cat_detected.jpg,n
2024_03_28_17_19_47_466704_cat_mouth_detected.jpg,n
2024_03_28_17_19_47_592004_cat_detected.jpg,n
2024_03_28_17_19_47_655853_cat_mouth_detected.jpg,n
2024_03_28_17_19_47_782422_cat_detected.jpg,n
2024_03_28_17_19_47_848186_cat_mouth_detected.jpg,y
2024_03_28_17_19_47_974841_cat_detected.jpg,n
2024_03_28_17_19_48_038528_cat_mouth_detected.jpg,n
2024_03_28_17_19_48_164174_cat_detected.jpg,n
2024_03_28_17_19_48_228818_cat_mouth_detected.jpg,n
2024_03_28_17_19_48_356338_cat_detected.jpg,n
2024_03_28_17_19_48_420670_cat_mouth_detected.jpg,n
2024_03_28_17_19_48_547615_cat_detected.jpg,n
2024_03_28_17_19_48_611731_cat_mouth_detected.jpg,n
2024_03_28_17_19_48_736490_cat_detected.jpg,n
2024_03_28_17_19_48_801181_cat_mouth_detected.jpg,n
2024_03_28_17_19_48_926499_cat_detected.jpg,n
2024_03_28_17_19_48_990212_cat_mouth_detected.jpg,n
2024_03_28_17_19_49_116088_cat_detected.jpg,n
2024_03_28_17_19_49_180917_cat_mouth_detected.jpg,n
2024_03_28_17_19_49_329211_cat_detected.jpg,n
2024_03_28_17_19_49_393014_cat_mouth_detected.jpg,n
2024_03_28_17_19_49_531037_cat_detected.jpg,n
2024_03_28_17_19_49_593519_cat_mouth_detected.jpg,n
2024_03_28_17_19_49_727496_cat_detected.jpg,n
2024_03_28_17_19_49_794956_cat_mouth_detected.jpg,n
2024_03_28_17_19_49_934051_cat_detected.jpg,n
2024_03_28_17_19_49_999040_cat_mouth_detected.jpg,n
2024_03_28_17_19_50_126880_cat_detected.jpg,n
2024_03_28_17_19_50_194643_cat_mouth_detected.jpg,n
2024_03_28_17_19_50_324802_cat_detected.jpg,n
2024_03_28_17_19_50_388724_cat_mouth_detected.jpg,n
2024_03_28_17_19_50_517134_cat_detected.jpg,n
2024_03_28_17_19_50_579806_cat_mouth_detected.jpg,n
2024_03_28_17_19_50_706968_cat_detected.jpg,n
2024_03_28_17_19_50_771796_cat_mouth_detected.jpg,n
2024_03_28_17_19_50_900185_cat_detected.jpg,n
2024_03_28_17_19_50_963790_cat_mouth_detected.jpg,n
2024_03_28_17_19_51_090198_cat_detected.jpg,n
2024_03_28_17_19_51_154426_cat_mouth_detected.jpg,n
2024_03_28_17_19_51_283274_cat_detected.jpg,n
2024_03_28_17_19_51_351549_cat_mouth_detected.jpg,n
2024_03_28_17_19_51_479230_cat_detected.jpg,n
2024_03_28_17_19_51_543906_cat_mouth_detected.jpg,n
2024_03_28_17_19_51_672042_cat_detected.jpg,n
2024_03_28_17_19_51_738271_cat_mouth_detected.jpg,n
2024_03_28_17_19_51_868188_cat_detected.jpg,n
2024_03_28_17_19_51_933960_cat_mouth_detected.jpg,n
2024_03_28_17_19_52_063565_cat_detected.jpg,n
2024_03_28_17_19_52_128326_cat_mouth_detected.jpg,n
2024_03_28_17_19_52_263786_cat_detected.jpg,n
2024_03_28_17_19_52_329103_cat_mouth_detected.jpg,n
2024_03_28_17_19_52_477792_cat_detected.jpg,n
2024_03_28_17_19_52_544715_cat_mouth_detected.jpg,n
2024_03_28_17_19_52_681367_cat_detected.jpg,n
2024_03_28_17_19_52_746594_cat_mouth_detected.jpg,n
2024_03_28_17_19_52_877308_cat_detected.jpg,n
2024_03_28_17_19_52_940746_cat_mouth_detected.jpg,n
2024_03_28_17_19_53_073946_cat_detected.jpg,n
2024_03_28_17_19_53_137280_cat_mouth_detected.jpg,n
2024_03_28_17_19_53_265668_cat_detected.jpg,y
2024_03_28_17_19_53_329073_cat_mouth_detected.jpg,y
2024_03_28_17_19_53_457256_cat_detected.jpg,y
2024_03_28_17_19_53_523313_cat_mouth_detected.jpg,y
2024_03_28_17_19_53_661123_cat_detected.jpg,y
2024_03_28_17_19_53_728071_cat_mouth_detected.jpg,y
2024_03_28_17_19_53_906628_cat_detected.jpg,y
2024_03_28_17_19_53_971012_cat_mouth_detected.jpg,y
2024_03_28_17_19_54_102223_cat_detected.jpg,y
2024_03_28_17_19_54_168745_cat_mouth_detected.jpg,y
2024_03_28_17_19_54_304263_cat_detected.jpg,y
2024_03_28_17_19_54_367607_cat_mouth_detected.jpg,y
2024_03_28_17_19_55_571061_cat_detected.jpg,y
2024_03_28_17_19_55_639847_cat_mouth_detected.jpg,y
2024_03_28_17_19_55_791689_cat_detected.jpg,y
2024_03_28_17_19_55_855509_cat_mouth_detected.jpg,y
2024_03_28_17_19_55_982198_cat_detected.jpg,y
2024_03_28_17_19_56_048137_cat_mouth_detected.jpg,y
2024_03_28_17_19_56_173617_cat_detected.jpg,y
2024_03_28_17_19_56_238361_cat_mouth_detected.jpg,y
2024_03_28_17_19_56_365166_cat_detected.jpg,n
2024_03_28_17_19_56_430146_cat_mouth_detected.jpg,n
2024_03_28_17_19_56_555940_cat_detected.jpg,n
2024_03_28_17_19_56_619055_cat_mouth_detected.jpg,n
2024_03_28_17_19_56_748691_cat_detected.jpg,n
2024_03_28_17_19_56_816146_cat_mouth_detected.jpg,n
2024_03_28_17_19_56_943782_cat_detected.jpg,n
2024_03_28_17_19_57_011540_cat_mouth_detected.jpg,n
2024_03_28_17_19_57_137235_cat_detected.jpg,n
2024_03_28_17_19_57_201124_cat_mouth_detected.jpg,n
2024_03_28_17_19_57_424258_cat_detected.jpg,n
2024_03_28_17_19_57_489378_cat_mouth_detected.jpg,n
2024_03_28_17_19_57_615223_cat_detected.jpg,n
2024_03_28_17_19_57_680708_cat_mouth_detected.jpg,n
2024_03_28_17_19_57_809951_cat_detected.jpg,n
2024_03_28_17_19_57_874498_cat_mouth_detected.jpg,n
2024_03_28_17_19_58_000906_cat_detected.jpg,n
2024_03_28_17_19_58_067137_cat_mouth_detected.jpg,n
2024_03_28_17_19_58_193545_cat_detected.jpg,n
2024_03_28_17_19_58_259520_cat_mouth_detected.jpg,n
2024_03_28_17_19_58_387319_cat_detected.jpg,n
2024_03_28_17_19_58_455370_cat_mouth_detected.jpg,n
2024_03_28_17_19_58_774833_cat_detected.jpg,n
2024_03_28_17_19_58_844531_cat_mouth_detected.jpg,n
2024_03_28_17_19_58_970031_cat_detected.jpg,n
2024_03_28_17_19_59_034617_cat_mouth_detected.jpg,n
2024_03_28_17_19_59_161876_cat_detected.jpg,n
2024_03_28_17_19_59_226930_cat_mouth_detected.jpg,n
2024_03_28_17_19_59_353939_cat_detected.jpg,n
2024_03_28_17_19_59_416397_cat_mouth_detected.jpg,n
2024_03_28_17_19_59_541947_cat_detected.jpg,n
2024_03_28_17_19_59_607401_cat_mouth_detected.jpg,n
2024_03_28_17_19_59_734982_cat_detected.jpg,n
2024_03_28_17_19_59_798857_cat_mouth_detected.jpg,n
2024_03_28_17_19_59_925326_cat_detected.jpg,n
2024_03_28_17_19_59_988885_cat_mouth_detected.jpg,n
2024_03_28_17_20_00_170877_cat_detected.jpg,n
2024_03_28_17_20_00_235924_cat_mouth_detected.jpg,n
2024_03_28_17_20_00_379687_cat_detected.jpg,n
2024_03_28_17_20_00_443239_cat_mouth_detected.jpg,n
2024_03_28_17_20_00_571236_cat_detected.jpg,n
2024_03_28_17_20_00_635310_cat_mouth_detected.jpg,n
2024_03_28_17_20_00_763775_cat_detected.jpg,n
2024_03_28_17_20_00_829866_cat_mouth_detected.jpg,n
2024_03_28_17_20_00_988557_cat_detected.jpg,n
2024_03_28_17_20_01_055659_cat_mouth_detected.jpg,n
2024_03_28_17_20_01_182311_cat_detected.jpg,n
2024_03_28_17_20_01_246585_cat_mouth_detected.jpg,n
2024_03_28_17_20_01_470084_cat_detected.jpg,n
2024_03_28_17_20_01_534165_cat_mouth_detected.jpg,n
2024_03_28_17_20_01_659789_cat_detected.jpg,n
2024_03_28_17_20_01_726565_cat_mouth_detected.jpg,n
2024_03_28_17_20_01_851413_cat_detected.jpg,n
2024_03_28_17_20_01_916716_cat_mouth_detected.jpg,n
2024_03_28_17_20_02_042561_cat_detected.jpg,n
2024_03_28_17_20_02_108216_cat_mouth_detected.jpg,n
2024_03_28_17_20_02_330225_cat_detected.jpg,n
2024_03_28_17_20_02_394516_cat_mouth_detected.jpg,n
2024_03_28_17_20_02_520671_cat_detected.jpg,n
2024_03_28_17_20_02_586103_cat_mouth_detected.jpg,n
2024_03_28_17_20_02_713037_cat_detected.jpg,n
2024_03_28_17_20_02_779388_cat_mouth_detected.jpg,n
2024_03_28_17_20_02_906160_cat_detected.jpg,n
2024_03_28_17_20_02_972679_cat_mouth_detected.jpg,n
2024_03_28_17_20_03_099155_cat_detected.jpg,n
2024_03_28_17_20_03_164902_cat_mouth_detected.jpg,n
2024_03_28_17_20_03_291104_cat_detected.jpg,n
2024_03_28_17_20_03_357790_cat_mouth_detected.jpg,n
2024_03_28_17_20_03_483698_cat_detected.jpg,n
2024_03_28_17_20_03_546960_cat_mouth_detected.jpg,n
2024_03_28_17_20_03_674426_cat_detected.jpg,n
2024_03_28_17_20_03_741312_cat_mouth_detected.jpg,n
2024_03_28_17_20_03_866609_cat_detected.jpg,n
2024_03_28_17_20_03_932188_cat_mouth_detected.jpg,n
2024_03_28_17_20_04_058883_cat_detected.jpg,n
2024_03_28_17_20_04_124744_cat_mouth_detected.jpg,n
2024_03_28_17_20_04_250039_cat_detected.jpg,n
2024_03_28_17_20_04_318421_cat_mouth_detected.jpg,n
2024_03_28_17_20_04_540718_cat_detected.jpg,n
2024_03_28_17_20_04_605914_cat_mouth_detected.jpg,n
2024_03_28_17_20_04_834120_cat_detected.jpg,n
2024_03_28_17_20_04_901113_cat_mouth_detected.jpg,n
2024_03_28_17_20_05_039631_cat_detected.jpg,n
2024_03_28_17_20_05_108212_cat_mouth_detected.jpg,n
2024_03_28_17_20_05_243782_cat_detected.jpg,n
2024_03_28_17_20_05_310081_cat_mouth_detected.jpg,n
2024_03_28_17_20_05_541747_cat_detected.jpg,n
2024_03_28_17_20_05_608542_cat_mouth_detected.jpg,n
2024_03_28_17_20_05_737206_cat_detected.jpg,n
2024_03_28_17_20_05_803439_cat_mouth_detected.jpg,n
2024_03_28_17_20_05_930826_cat_detected.jpg,n
2024_03_28_17_20_05_997192_cat_mouth_detected.jpg,n
2024_03_28_17_20_06_126074_cat_detected.jpg,n
2024_03_28_17_20_06_407348_cat_mouth_detected.jpg,n
2024_03_28_17_20_06_549488_cat_detected.jpg,n
2024_03_28_17_20_06_617417_cat_mouth_detected.jpg,n
2024_03_28_17_20_06_754079_cat_detected.jpg,n
2024_03_28_17_20_06_821507_cat_mouth_detected.jpg,n
2024_03_28_17_20_06_985281_cat_detected.jpg,n
2024_03_28_17_20_07_050811_cat_mouth_detected.jpg,n
2024_03_28_17_20_07_184147_cat_detected.jpg,n
2024_03_28_17_20_07_251527_cat_mouth_detected.jpg,n
2024_03_28_17_20_07_382471_cat_detected.jpg,n
2024_03_28_17_20_07_447299_cat_mouth_detected.jpg,n
2024_03_28_17_20_07_575123_cat_detected.jpg,n
2024_03_28_17_20_07_640820_cat_mouth_detected.jpg,n
2024_03_28_17_20_07_773958_cat_detected.jpg,n
2024_03_28_17_20_07_837579_cat_mouth_detected.jpg,n
2024_03_28_17_20_07_966200_cat_detected.jpg,n
2024_03_28_17_20_08_031398_cat_mouth_detected.jpg,n
2024_03_28_17_20_08_164149_cat_detected.jpg,n
2024_03_28_17_20_08_232975_cat_mouth_detected.jpg,n
2024_03_28_17_20_08_362951_cat_detected.jpg,n
2024_03_28_17_20_08_429640_cat_mouth_detected.jpg,n
2024_03_28_17_20_08_557702_cat_detected.jpg,n
2024_03_28_17_20_08_622297_cat_mouth_detected.jpg,n
2024_03_28_17_20_08_752487_cat_detected.jpg,n
2024_03_28_17_20_08_820430_cat_mouth_detected.jpg,n
2024_03_28_17_20_08_953846_cat_detected.jpg,n
2024_03_28_17_20_09_018752_cat_mouth_detected.jpg,n
2024_03_28_17_20_09_153863_cat_detected.jpg,n
2024_03_28_17_20_09_218780_cat_mouth_detected.jpg,n
2024_03_28_17_20_09_353719_cat_detected.jpg,n
2024_03_28_17_20_09_421318_cat_mouth_detected.jpg,n
2024_03_28_17_20_09_548937_cat_detected.jpg,n
2024_03_28_17_20_09_611693_cat_mouth_detected.jpg,n
2024_03_28_17_20_09_739456_cat_detected.jpg,n
2024_03_28_17_20_09_803394_cat_mouth_detected.jpg,n
2024_03_28_17_20_09_931969_cat_detected.jpg,n
2024_03_28_17_20_09_995587_cat_mouth_detected.jpg,n
2024_03_28_17_20_10_150655_cat_detected.jpg,n
2024_03_28_17_20_10_216787_cat_mouth_detected.jpg,n
2024_03_28_17_20_10_347585_cat_detected.jpg,n
2024_03_28_17_20_10_414850_cat_mouth_detected.jpg,n
2024_03_28_17_20_10_542452_cat_detected.jpg,n
2024_03_28_17_20_10_606124_cat_mouth_detected.jpg,n
2024_03_28_17_20_10_732397_cat_detected.jpg,n
2024_03_28_17_20_10_796269_cat_mouth_detected.jpg,n
2024_03_28_17_20_10_927237_cat_detected.jpg,n
2024_03_28_17_20_10_994504_cat_mouth_detected.jpg,y
2024_03_28_17_20_11_122756_cat_detected.jpg,y
2024_03_28_17_20_11_187688_cat_mouth_detected.jpg,y
2024_03_28_17_20_11_317357_cat_detected.jpg,y
2024_03_28_17_20_11_382430_cat_mouth_detected.jpg,y
2024_03_28_17_20_11_512049_cat_detected.jpg,y
2024_03_28_17_20_11_577506_cat_mouth_detected.jpg,y
2024_03_28_17_20_11_707359_cat_detected.jpg,y
2024_03_28_17_20_11_772757_cat_mouth_detected.jpg,y
2024_03_28_17_20_11_904133_cat_detected.jpg,y
2024_03_28_17_20_11_967495_cat_mouth_detected.jpg,y
2024_03_28_17_20_12_097241_cat_detected.jpg,y
2024_03_28_17_20_12_161332_cat_mouth_detected.jpg,y
2024_03_28_17_20_12_294002_cat_detected.jpg,y
2024_03_28_17_20_12_360473_cat_mouth_detected.jpg,y
2024_03_28_17_20_12_487001_cat_detected.jpg,y
2024_03_28_17_20_12_551472_cat_mouth_detected.jpg,y
2024_03_28_17_20_12_691653_cat_detected.jpg,y
2024_03_28_17_20_12_758120_cat_mouth_detected.jpg,y
2024_03_28_17_20_12_887201_cat_detected.jpg,y
2024_03_28_17_20_12_952853_cat_mouth_detected.jpg,y
2024_03_28_17_20_13_082987_cat_detected.jpg,y
2024_03_28_17_20_13_149635_cat_mouth_detected.jpg,y
2024_03_28_17_20_13_302118_cat_detected.jpg,y
2024_03_28_17_20_13_366015_cat_mouth_detected.jpg,y
2024_03_28_17_20_13_492574_cat_detected.jpg,y
2024_03_28_17_20_13_558719_cat_mouth_detected.jpg,y
2024_03_28_17_20_13_685312_cat_detected.jpg,y
2024_03_28_17_20_13_755101_cat_mouth_detected.jpg,y
2024_03_28_17_20_13_883690_cat_detected.jpg,y
2024_03_28_17_20_13_947085_cat_mouth_detected.jpg,y
2024_03_28_17_20_14_075260_cat_detected.jpg,y
2024_03_28_17_20_14_140023_cat_mouth_detected.jpg,y
2024_03_28_17_20_14_267750_cat_detected.jpg,y
2024_03_28_17_20_14_333982_cat_mouth_detected.jpg,y
2024_03_28_17_20_14_462709_cat_detected.jpg,y
2024_03_28_17_20_14_530543_cat_mouth_detected.jpg,y
2024_03_28_17_20_14_660771_cat_detected.jpg,y
2024_03_28_17_20_14_724686_cat_mouth_detected.jpg,y
2024_03_28_17_20_14_853002_cat_detected.jpg,y
2024_03_28_17_20_14_921662_cat_mouth_detected.jpg,y
2024_03_28_17_20_15_050671_cat_detected.jpg,y
2024_03_28_17_20_15_116033_cat_mouth_detected.jpg,y
2024_03_28_17_20_15_243147_cat_detected.jpg,y
2024_03_28_17_20_15_307335_cat_mouth_detected.jpg,y
2024_03_28_17_20_15_434299_cat_detected.jpg,y
2024_03_28_17_20_15_500885_cat_mouth_detected.jpg,y
2024_03_28_17_20_15_627878_cat_detected.jpg,y
2024_03_28_17_20_15_693710_cat_mouth_detected.jpg,y
2024_03_28_17_20_15_821502_cat_detected.jpg,y
2024_03_28_17_20_15_887909_cat_mouth_detected.jpg,y
2024_03_28_17_20_16_015002_cat_detected.jpg,y
2024_03_28_17_20_16_080625_cat_mouth_detected.jpg,y
2024_03_28_17_20_16_208974_cat_detected.jpg,y
2024_03_28_17_20_16_271832_cat_mouth_detected.jpg,y
2024_03_28_17_20_16_398774_cat_detected.jpg,y
2024_03_28_17_20_16_465464_cat_mouth_detected.jpg,y
2024_03_28_17_20_16_592439_cat_detected.jpg,n
2024_03_28_17_20_16_658674_cat_mouth_detected.jpg,n
2024_03_28_17_20_16_785479_cat_detected.jpg,n
2024_03_28_17_20_16_850572_cat_mouth_detected.jpg,n
2024_03_28_17_20_16_978779_cat_detected.jpg,n
2024_03_28_17_20_17_049200_cat_mouth_detected.jpg,n
2024_03_28_17_20_17_176716_cat_detected.jpg,n
2024_03_28_17_20_17_242765_cat_mouth_detected.jpg,n
2024_03_28_17_20_17_373241_cat_detected.jpg,n
2024_03_28_17_20_17_439293_cat_mouth_detected.jpg,n
2024_03_28_17_20_17_662970_cat_detected.jpg,n
2024_03_28_17_20_17_726950_cat_mouth_detected.jpg,n
2024_03_28_17_20_17_854329_cat_detected.jpg,n
2024_03_28_17_20_17_920103_cat_mouth_detected.jpg,n
2024_03_28_17_20_18_049814_cat_detected.jpg,n
2024_03_28_17_20_18_119413_cat_mouth_detected.jpg,n
2024_03_28_17_20_18_248713_cat_detected.jpg,n
2024_03_28_17_20_18_323145_cat_mouth_detected.jpg,n
2024_03_28_17_20_18_453254_cat_detected.jpg,n
2024_03_28_17_20_18_517254_cat_mouth_detected.jpg,n
2024_03_28_17_20_18_643449_cat_detected.jpg,n
2024_03_28_17_20_18_709151_cat_mouth_detected.jpg,n
2024_03_28_17_20_18_836783_cat_detected.jpg,n
2024_03_28_17_20_18_904604_cat_mouth_detected.jpg,n
2024_03_28_17_20_19_031198_cat_detected.jpg,n
2024_03_28_17_20_19_097905_cat_mouth_detected.jpg,n
2024_03_28_17_20_19_224275_cat_detected.jpg,n
2024_03_28_17_20_19_290749_cat_mouth_detected.jpg,n
2024_03_28_17_20_19_418327_cat_detected.jpg,n
2024_03_28_17_20_19_481638_cat_mouth_detected.jpg,n
2024_03_28_17_20_19_609340_cat_detected.jpg,n
2024_03_28_17_20_19_674628_cat_mouth_detected.jpg,n
2024_03_28_17_20_19_802321_cat_detected.jpg,n
2024_03_28_17_20_19_867317_cat_mouth_detected.jpg,n
2024_03_28_17_20_19_992531_cat_detected.jpg,n
2024_03_28_17_20_20_056694_cat_mouth_detected.jpg,n
2024_03_28_17_20_20_183913_cat_detected.jpg,n
2024_03_28_17_20_20_246954_cat_mouth_detected.jpg,n
2024_03_28_17_20_20_373985_cat_detected.jpg,n
2024_03_28_17_20_20_438876_cat_mouth_detected.jpg,n
2024_03_28_17_20_20_565295_cat_detected.jpg,n
2024_03_28_17_20_20_631060_cat_mouth_detected.jpg,n
2024_03_28_17_20_20_758167_cat_detected.jpg,n
2024_03_28_17_20_20_823628_cat_mouth_detected.jpg,n
2024_03_28_17_20_20_951330_cat_detected.jpg,n
2024_03_28_17_20_21_015862_cat_mouth_detected.jpg,n
2024_03_28_17_20_21_239620_cat_detected.jpg,n
2024_03_28_17_20_21_305888_cat_mouth_detected.jpg,n
2024_03_28_17_20_21_431540_cat_detected.jpg,n
2024_03_28_17_20_21_494442_cat_mouth_detected.jpg,n
2024_03_28_17_20_22_005481_cat_detected.jpg,n
2024_03_28_17_20_22_073935_cat_mouth_detected.jpg,n
2024_03_28_17_20_22_296660_cat_detected.jpg,n
2024_03_28_17_20_22_361686_cat_mouth_detected.jpg,n
2024_03_28_17_20_23_944938_cat_detected.jpg,n
2024_03_28_17_20_24_016301_cat_mouth_detected.jpg,n
2024_03_28_17_20_24_147095_cat_detected.jpg,n
2024_03_28_17_20_24_212274_cat_mouth_detected.jpg,n
2024_03_28_17_20_24_435413_cat_detected.jpg,n
2024_03_28_17_20_24_498827_cat_mouth_detected.jpg,n
2024_03_28_17_20_24_730724_cat_detected.jpg,n
2024_03_28_17_20_24_794873_cat_mouth_detected.jpg,n
2024_03_28_17_20_25_216260_cat_detected.jpg,n
2024_03_28_17_20_25_283050_cat_mouth_detected.jpg,n
2024_03_28_17_20_25_513479_cat_detected.jpg,n
2024_03_28_17_20_25_576256_cat_mouth_detected.jpg,n
2024_03_28_17_20_26_882039_cat_detected.jpg,n
2024_03_28_17_20_26_950854_cat_mouth_detected.jpg,n
2024_03_28_17_20_27_295542_cat_detected.jpg,n
2024_03_28_17_20_27_359616_cat_mouth_detected.jpg,n
2024_03_28_17_20_27_487032_cat_detected.jpg,n
2024_03_28_17_20_27_551800_cat_mouth_detected.jpg,y
2024_03_28_17_20_27_684191_cat_detected.jpg,n
2024_03_28_17_20_27_750878_cat_mouth_detected.jpg,n
2024_03_28_17_20_28_364022_cat_detected.jpg,n
2024_03_28_17_20_28_433851_cat_mouth_detected.jpg,n
2024_03_28_17_20_28_659820_cat_detected.jpg,n
2024_03_28_17_20_28_724666_cat_mouth_detected.jpg,n
2024_03_28_17_20_29_346671_cat_detected.jpg,n
2024_03_28_17_20_29_417652_cat_mouth_detected.jpg,n
2024_03_28_17_20_29_850925_cat_detected.jpg,n
2024_03_28_17_20_29_918076_cat_mouth_detected.jpg,n
2024_03_28_17_20_30_054251_cat_detected.jpg,n
2024_03_28_17_20_30_117789_cat_mouth_detected.jpg,n
2024_03_28_17_20_30_247396_cat_detected.jpg,n
2024_03_28_17_20_30_310670_cat_mouth_detected.jpg,n
2024_03_28_17_20_30_451243_cat_detected.jpg,n
2024_03_28_17_20_30_519167_cat_mouth_detected.jpg,n
2024_03_28_17_20_31_238292_cat_detected.jpg,n
2024_03_28_17_20_31_311527_cat_mouth_detected.jpg,n
2024_03_28_17_20_31_451548_cat_detected.jpg,n
2024_03_28_17_20_31_518605_cat_mouth_detected.jpg,n
2024_03_28_17_20_32_132656_cat_detected.jpg,n
2024_03_28_17_20_32_200243_cat_mouth_detected.jpg,n
2024_03_28_17_20_32_520040_cat_detected.jpg,n
2024_03_28_17_20_32_591396_cat_mouth_detected.jpg,n
2024_03_28_17_20_33_128300_cat_detected.jpg,n
2024_03_28_17_20_33_196529_cat_mouth_detected.jpg,n
2024_03_28_17_20_34_980939_cat_detected.jpg,n
2024_03_28_17_20_35_057523_cat_mouth_detected.jpg,n
2024_03_28_17_20_35_284024_cat_detected.jpg,n
2024_03_28_17_20_35_350912_cat_mouth_detected.jpg,n
2024_03_28_17_20_38_402714_cat_detected.jpg,n
2024_03_28_17_20_38_479568_cat_mouth_detected.jpg,n
2024_03_28_17_20_40_086030_cat_detected.jpg,n
2024_03_28_17_20_40_247331_cat_mouth_detected.jpg,n
2024_03_28_17_20_40_462687_cat_detected.jpg,n
2024_03_28_17_20_40_529350_cat_mouth_detected.jpg,n
2024_03_28_17_20_40_671024_cat_detected.jpg,n
2024_03_28_17_20_40_777364_cat_mouth_detected.jpg,n
2024_03_28_17_20_41_250024_cat_detected.jpg,n
2024_03_28_17_20_41_433439_cat_mouth_detected.jpg,n
2024_03_28_17_20_45_980431_cat_detected.jpg,n
2024_03_28_17_20_46_055964_cat_mouth_detected.jpg,n
2024_03_28_17_20_46_669557_cat_detected.jpg,n
2024_03_28_17_20_46_738210_cat_mouth_detected.jpg,n
2024_03_28_17_20_46_867233_cat_detected.jpg,n
2024_03_28_17_20_46_933329_cat_mouth_detected.jpg,n
2024_03_28_17_20_47_059281_cat_detected.jpg,y
2024_03_28_17_20_47_123473_cat_mouth_detected.jpg,y
2024_03_28_17_20_47_289381_cat_detected.jpg,y
2024_03_28_17_20_47_354879_cat_mouth_detected.jpg,y
2024_03_28_17_20_47_491466_cat_detected.jpg,y
2024_03_28_17_20_47_555380_cat_mouth_detected.jpg,y
2024_03_28_17_20_47_691305_cat_detected.jpg,y
2024_03_28_17_20_47_754107_cat_mouth_detected.jpg,y
2024_03_28_17_20_47_880725_cat_detected.jpg,y
2024_03_28_17_20_47_944511_cat_mouth_detected.jpg,y
2024_03_28_17_20_48_077268_cat_detected.jpg,y
2024_03_28_17_20_48_142883_cat_mouth_detected.jpg,y
2024_03_28_17_20_48_281152_cat_detected.jpg,n
2024_03_28_17_20_48_636856_cat_detected.jpg,n
2024_03_28_17_20_48_800579_cat_detected.jpg,n
2024_03_28_17_20_48_962580_cat_detected.jpg,n
2024_03_28_17_20_49_122105_cat_detected.jpg,n
2024_03_28_17_20_49_284794_cat_detected.jpg,n
2024_03_28_17_20_50_613682_cat_detected.jpg,n
2024_03_28_17_20_50_780063_cat_detected.jpg,y
2024_03_28_17_20_50_947532_cat_detected.jpg,y
2024_03_28_17_20_51_110866_cat_detected.jpg,y
2024_03_28_17_20_51_175065_cat_mouth_detected.jpg,y
2024_03_28_17_20_51_307447_cat_detected.jpg,y
2024_03_28_17_20_51_373822_cat_mouth_detected.jpg,y
2024_03_28_17_20_51_511558_cat_detected.jpg,y
2024_03_28_17_20_51_576870_cat_mouth_detected.jpg,y
2024_03_28_17_20_51_707496_cat_detected.jpg,y
2024_03_28_17_20_51_774125_cat_mouth_detected.jpg,y
2024_03_28_17_20_51_911179_cat_detected.jpg,y
2024_03_28_17_20_51_981680_cat_mouth_detected.jpg,y
2024_03_28_17_20_52_121229_cat_detected.jpg,y
2024_03_28_17_20_52_188494_cat_mouth_detected.jpg,y
2024_03_28_17_20_52_324038_cat_detected.jpg,y
2024_03_28_17_20_52_387765_cat_mouth_detected.jpg,y
2024_03_28_17_20_52_514813_cat_detected.jpg,y
2024_03_28_17_20_52_582271_cat_mouth_detected.jpg,y
2024_03_28_17_20_52_739390_cat_detected.jpg,y
2024_03_28_17_20_52_808090_cat_mouth_detected.jpg,y
2024_03_28_17_20_52_936565_cat_detected.jpg,y
2024_03_28_17_20_52_999107_cat_mouth_detected.jpg,y
2024_03_28_17_20_53_134316_cat_detected.jpg,y
2024_03_28_17_20_53_203507_cat_mouth_detected.jpg,y
2024_03_28_17_20_53_359333_cat_detected.jpg,y
2024_03_28_17_20_53_426340_cat_mouth_detected.jpg,y
2024_03_28_17_20_53_557429_cat_detected.jpg,y
2024_03_28_17_20_53_619893_cat_mouth_detected.jpg,y
2024_03_28_17_20_53_753911_cat_detected.jpg,y
2024_03_28_17_20_53_822202_cat_mouth_detected.jpg,y
2024_03_28_17_20_53_961472_cat_detected.jpg,y
2024_03_28_17_20_54_026591_cat_mouth_detected.jpg,y
2024_03_28_17_20_54_157498_cat_detected.jpg,y
2024_03_28_17_20_54_223943_cat_mouth_detected.jpg,y
2024_03_28_17_20_54_357452_cat_detected.jpg,y
2024_03_28_17_20_54_423120_cat_mouth_detected.jpg,y
2024_03_28_17_20_54_561506_cat_detected.jpg,y
2024_03_28_17_20_54_626056_cat_mouth_detected.jpg,y
2024_03_28_17_20_54_757409_cat_detected.jpg,y
2024_03_28_17_20_54_828038_cat_mouth_detected.jpg,y
2024_03_28_17_20_54_963847_cat_detected.jpg,y
2024_03_28_17_20_55_028353_cat_mouth_detected.jpg,y
2024_03_28_17_20_55_157376_cat_detected.jpg,y
2024_03_28_17_20_55_222716_cat_mouth_detected.jpg,y
2024_03_28_17_20_55_348849_cat_detected.jpg,y
2024_03_28_17_20_55_415200_cat_mouth_detected.jpg,y
2024_03_28_17_20_55_547415_cat_detected.jpg,y
2024_03_28_17_20_55_610637_cat_mouth_detected.jpg,y
2024_03_28_17_20_55_736470_cat_detected.jpg,y
2024_03_28_17_20_55_804272_cat_mouth_detected.jpg,y
2024_03_28_17_20_55_930415_cat_detected.jpg,y
2024_03_28_17_20_55_995993_cat_mouth_detected.jpg,y
2024_03_28_17_20_56_123333_cat_detected.jpg,y
2024_03_28_17_20_56_187241_cat_mouth_detected.jpg,y
2024_03_28_17_20_56_313179_cat_detected.jpg,y
2024_03_28_17_20_56_377380_cat_mouth_detected.jpg,y
2024_03_28_17_20_56_503549_cat_detected.jpg,y
2024_03_28_17_20_56_567769_cat_mouth_detected.jpg,y
2024_03_28_17_20_56_694850_cat_detected.jpg,y
2024_03_28_17_20_56_759348_cat_mouth_detected.jpg,y
2024_03_28_17_20_57_940965_cat_detected.jpg,y
2024_03_28_17_20_58_006611_cat_mouth_detected.jpg,y
2024_03_28_17_20_58_137397_cat_detected.jpg,y
2024_03_28_17_20_58_202079_cat_mouth_detected.jpg,y
2024_03_28_17_20_58_349438_cat_detected.jpg,y
2024_03_28_17_20_58_417773_cat_mouth_detected.jpg,y
2024_03_28_17_20_58_544433_cat_detected.jpg,y
2024_03_28_17_20_58_607816_cat_mouth_detected.jpg,y
2024_03_28_17_20_58_734654_cat_detected.jpg,y
2024_03_28_17_20_58_800913_cat_mouth_detected.jpg,y
2024_03_28_17_20_58_928201_cat_detected.jpg,y
2024_03_28_17_20_58_992875_cat_mouth_detected.jpg,y
2024_03_28_17_20_59_127957_cat_detected.jpg,y
2024_03_28_17_20_59_193674_cat_mouth_detected.jpg,y
2024_03_28_17_20_59_327446_cat_detected.jpg,y
2024_03_28_17_20_59_391441_cat_mouth_detected.jpg,y
2024_03_28_17_20_59_518457_cat_detected.jpg,y
2024_03_28_17_20_59_583277_cat_mouth_detected.jpg,y
2024_03_28_17_20_59_729454_cat_detected.jpg,y
2024_03_28_17_20_59_795964_cat_mouth_detected.jpg,y
2024_03_28_17_20_59_921533_cat_detected.jpg,y
2024_03_28_17_20_59_986519_cat_mouth_detected.jpg,y
2024_03_28_17_21_00_112667_cat_detected.jpg,y
2024_03_28_17_21_00_178244_cat_mouth_detected.jpg,y
2024_03_28_17_21_00_404118_cat_detected.jpg,y
2024_03_28_17_21_00_468003_cat_mouth_detected.jpg,y
2024_03_28_17_21_00_596173_cat_detected.jpg,n
2024_03_28_17_21_00_758629_cat_detected.jpg,n
2024_03_28_17_21_00_925238_cat_detected.jpg,n
2024_03_28_17_21_01_093569_cat_detected.jpg,n
2024_03_28_17_21_01_258261_cat_detected.jpg,n
2024_03_28_17_21_01_419876_cat_detected.jpg,n
2024_03_28_17_21_01_772835_cat_detected.jpg,n
2024_03_28_17_21_01_932313_cat_detected.jpg,n
2024_03_28_18_46_52_227862_cat_detected.jpg,n
2024_03_28_18_46_52_408768_cat_detected.jpg,n
2024_03_28_18_46_52_567347_cat_detected.jpg,n
2024_03_28_18_46_52_728453_cat_detected.jpg,n
2024_03_28_18_46_53_083385_cat_detected.jpg,n
2024_03_28_18_46_53_245117_cat_detected.jpg,n
2024_03_28_18_46_53_409592_cat_detected.jpg,n
2024_03_28_18_46_53_572125_cat_detected.jpg,n
2024_03_28_18_46_53_639224_cat_mouth_detected.jpg,n
2024_03_28_19_00_03_235313_cat_detected.jpg,n
2024_03_28_19_00_03_310018_cat_mouth_detected.jpg,n
2024_03_28_19_00_04_505376_cat_detected.jpg,n
2024_03_28_19_00_04_572973_cat_mouth_detected.jpg,n
2024_03_28_19_00_04_712328_cat_detected.jpg,n
2024_03_28_19_00_04_967072_cat_detected.jpg,n
2024_03_28_19_00_05_128173_cat_detected.jpg,n
2024_03_28_19_00_05_291445_cat_detected.jpg,n
2024_03_28_19_00_05_454074_cat_detected.jpg,n
2024_03_28_19_00_05_801658_cat_detected.jpg,n
2024_03_28_19_24_00_871363_cat_detected.jpg,n
2024_03_28_19_24_01_047103_cat_detected.jpg,n
2024_03_28_19_24_01_321923_cat_detected.jpg,n
2024_03_28_19_24_01_383829_cat_mouth_detected.jpg,n
2024_03_28_19_24_02_592404_cat_detected.jpg,n
2024_03_28_19_24_02_656961_cat_mouth_detected.jpg,n
2024_03_28_19_24_02_799297_cat_detected.jpg,n
2024_03_28_19_24_02_859459_cat_mouth_detected.jpg,n
2024_03_28_19_24_02_985408_cat_detected.jpg,n
2024_03_28_19_24_03_145460_cat_detected.jpg,n
2024_03_28_19_24_03_304557_cat_detected.jpg,n
2024_03_28_19_53_29_033121_cat_detected.jpg,n
2024_03_28_19_53_29_111139_cat_mouth_detected.jpg,n
2024_03_28_19_53_30_321827_cat_detected.jpg,n
2024_03_28_19_53_30_387262_cat_mouth_detected.jpg,n
2024_03_28_19_53_30_517201_cat_detected.jpg,n
2024_03_28_19_53_30_679571_cat_detected.jpg,n
2024_03_28_19_53_30_742934_cat_mouth_detected.jpg,n
2024_03_28_19_53_31_167569_cat_detected.jpg,n
2024_03_28_19_53_31_329778_cat_detected.jpg,n
2024_03_28_19_53_31_492144_cat_detected.jpg,n
2024_03_28_19_53_31_653213_cat_detected.jpg,n
2024_03_28_19_53_31_914066_cat_detected.jpg,n
2024_03_28_19_53_32_077774_cat_detected.jpg,n
2024_03_28_19_53_32_242135_cat_detected.jpg,n
2024_03_28_19_53_32_307214_cat_mouth_detected.jpg,n
2024_03_28_19_53_32_664437_cat_detected.jpg,n
2024_03_28_19_53_32_735266_cat_mouth_detected.jpg,n
2024_03_28_19_53_32_873935_cat_detected.jpg,n
2024_03_28_19_53_32_937645_cat_mouth_detected.jpg,n
2024_03_28_19_53_33_067366_cat_detected.jpg,n
2024_03_28_19_53_33_229547_cat_detected.jpg,n
2024_03_28_19_53_33_292450_cat_mouth_detected.jpg,n
2024_03_28_19_55_35_875258_cat_detected.jpg,n
2024_03_28_19_55_35_954650_cat_mouth_detected.jpg,n
2024_03_28_19_55_37_162297_cat_detected.jpg,n
2024_03_28_19_55_37_230150_cat_mouth_detected.jpg,n
2024_03_28_19_55_37_469583_cat_detected.jpg,n
2024_03_28_19_55_37_534056_cat_mouth_detected.jpg,n
2024_03_28_19_55_37_667259_cat_detected.jpg,n
2024_03_28_19_55_37_732797_cat_mouth_detected.jpg,n
2024_03_28_19_55_37_871051_cat_detected.jpg,n
2024_03_28_19_55_37_934844_cat_mouth_detected.jpg,n
2024_03_28_19_55_38_063788_cat_detected.jpg,n
2024_03_28_19_55_38_126352_cat_mouth_detected.jpg,n
2024_03_28_19_55_38_257479_cat_detected.jpg,n
2024_03_28_19_55_38_321826_cat_mouth_detected.jpg,n
2024_03_28_19_55_38_454231_cat_detected.jpg,n
2024_03_28_19_55_38_519802_cat_mouth_detected.jpg,n
2024_03_28_19_55_38_647034_cat_detected.jpg,n
2024_03_28_19_55_38_711216_cat_mouth_detected.jpg,n
2024_03_28_19_55_38_844113_cat_detected.jpg,n
2024_03_28_19_55_38_908907_cat_mouth_detected.jpg,n
2024_03_28_19_55_39_037149_cat_detected.jpg,n
2024_03_28_19_55_39_103795_cat_mouth_detected.jpg,n
2024_03_28_19_55_39_233178_cat_detected.jpg,n
2024_03_28_19_55_39_304557_cat_mouth_detected.jpg,n
2024_03_28_19_55_40_516343_cat_detected.jpg,n
2024_03_28_19_55_40_670653_cat_mouth_detected.jpg,n
2024_03_28_19_55_41_317919_cat_detected.jpg,n
2024_03_28_19_55_41_433861_cat_mouth_detected.jpg,n
2024_03_28_19_55_42_167369_cat_detected.jpg,n
2024_03_28_19_55_42_279253_cat_mouth_detected.jpg,n
2024_03_28_19_55_42_531706_cat_detected.jpg,n
2024_03_28_19_55_42_613297_cat_mouth_detected.jpg,n
2024_03_28_19_55_42_892329_cat_detected.jpg,n
2024_03_28_19_55_42_957100_cat_mouth_detected.jpg,n
2024_03_28_19_55_43_200057_cat_detected.jpg,n
2024_03_28_19_55_43_291746_cat_mouth_detected.jpg,n
2024_03_28_19_55_43_431338_cat_detected.jpg,n
2024_03_28_19_55_43_497794_cat_mouth_detected.jpg,n
2024_03_28_19_55_43_756353_cat_detected.jpg,n
2024_03_28_19_55_43_823327_cat_mouth_detected.jpg,y
2024_03_28_19_55_43_969413_cat_detected.jpg,y
2024_03_28_19_55_44_035406_cat_mouth_detected.jpg,y
2024_03_28_19_55_44_163100_cat_detected.jpg,y
2024_03_28_19_55_44_229222_cat_mouth_detected.jpg,y
2024_03_28_19_55_44_369452_cat_detected.jpg,y
2024_03_28_19_55_44_437555_cat_mouth_detected.jpg,y
2024_03_28_19_55_44_567473_cat_detected.jpg,y
2024_03_28_19_55_44_636053_cat_mouth_detected.jpg,y
2024_03_28_19_55_44_765643_cat_detected.jpg,y
2024_03_28_19_55_46_406767_cat_detected.jpg,n
2024_03_28_19_55_46_478417_cat_mouth_detected.jpg,n
2024_03_28_20_16_55_084264_cat_detected.jpg,y
2024_03_28_20_16_55_256209_cat_detected.jpg,y
2024_03_28_20_16_55_321003_cat_mouth_detected.jpg,y
2024_03_28_20_16_56_530363_cat_detected.jpg,y
2024_03_28_20_16_56_598781_cat_mouth_detected.jpg,y
2024_03_28_20_16_56_919247_cat_detected.jpg,y
2024_03_28_20_16_56_992376_cat_mouth_detected.jpg,y
2024_03_28_20_16_57_119945_cat_detected.jpg,y
2024_03_28_20_16_57_186245_cat_mouth_detected.jpg,y
2024_03_28_20_16_57_408169_cat_detected.jpg,n
2024_03_28_20_16_57_760236_cat_detected.jpg,n
2024_03_28_20_16_57_823560_cat_mouth_detected.jpg,n
2024_03_28_20_16_58_043779_cat_detected.jpg,n
2024_03_28_20_16_58_205316_cat_detected.jpg,n
2024_03_28_20_16_58_364149_cat_detected.jpg,n
2024_03_28_20_16_58_526790_cat_detected.jpg,n
2024_03_28_20_16_58_689356_cat_detected.jpg,n
2024_03_28_20_16_59_039068_cat_detected.jpg,n
2024_03_28_20_16_59_206660_cat_detected.jpg,n
2024_03_28_20_16_59_367297_cat_detected.jpg,n
2024_03_28_20_16_59_625470_cat_detected.jpg,n
2024_03_28_20_16_59_880906_cat_detected.jpg,n
2024_03_28_20_17_00_044380_cat_detected.jpg,n
2024_03_28_20_17_05_185024_cat_detected.jpg,n
2024_03_28_20_17_05_472296_cat_detected.jpg,n
2024_03_28_20_17_05_735326_cat_detected.jpg,n
2024_03_28_20_17_05_798479_cat_mouth_detected.jpg,n
2024_03_28_20_17_06_119512_cat_detected.jpg,n
2024_03_28_20_17_06_294821_cat_detected.jpg,n
2024_03_28_20_17_06_457294_cat_detected.jpg,n
2024_03_28_20_17_06_620835_cat_detected.jpg,n
2024_03_28_20_17_06_781366_cat_detected.jpg,n
2024_03_28_20_17_06_945216_cat_detected.jpg,n
2024_03_28_20_17_07_301649_cat_detected.jpg,n
2024_03_28_20_17_07_467432_cat_detected.jpg,n
2024_03_28_20_17_07_627967_cat_detected.jpg,n
2024_03_28_20_17_07_789476_cat_detected.jpg,n
2024_03_28_20_17_07_953625_cat_detected.jpg,n
2024_03_28_20_17_08_116796_cat_detected.jpg,n
2024_03_28_20_17_08_275063_cat_detected.jpg,n
2024_03_28_20_17_08_337750_cat_mouth_detected.jpg,n
2024_03_28_20_17_08_470060_cat_detected.jpg,n
2024_03_28_20_17_08_536138_cat_mouth_detected.jpg,n
2024_03_28_20_17_08_663880_cat_detected.jpg,n
2024_03_28_20_17_08_728605_cat_mouth_detected.jpg,n
2024_03_28_20_17_09_926714_cat_detected.jpg,n
2024_03_28_20_17_09_998523_cat_mouth_detected.jpg,n
2024_03_28_20_17_10_516489_cat_detected.jpg,n
2024_03_28_20_17_10_584177_cat_mouth_detected.jpg,n
2024_03_28_20_17_10_711638_cat_detected.jpg,n
2024_03_28_20_17_10_778249_cat_mouth_detected.jpg,n
2024_03_28_20_17_10_907293_cat_detected.jpg,n
2024_03_28_20_17_10_971954_cat_mouth_detected.jpg,n
2024_03_28_20_21_58_851328_cat_detected.jpg,n
2024_03_28_20_21_59_033736_cat_detected.jpg,n
2024_03_28_20_21_59_197033_cat_detected.jpg,n
2024_03_28_20_21_59_360530_cat_detected.jpg,n
2024_03_28_20_21_59_526002_cat_detected.jpg,n
2024_03_28_20_21_59_689220_cat_detected.jpg,n
2024_03_28_20_22_00_147931_cat_detected.jpg,n
2024_03_28_20_22_00_505715_cat_detected.jpg,n
2024_03_28_20_22_00_667529_cat_detected.jpg,n
2024_03_28_20_22_00_827948_cat_detected.jpg,n
2024_03_28_20_22_00_986382_cat_detected.jpg,n
2024_03_28_20_22_01_149568_cat_detected.jpg,n
2024_03_28_20_22_01_309706_cat_detected.jpg,n
2024_03_28_20_22_01_471566_cat_detected.jpg,n
2024_03_28_20_22_01_636757_cat_detected.jpg,n
2024_03_28_20_22_01_797205_cat_detected.jpg,n
2024_03_28_20_22_01_958992_cat_detected.jpg,n
2024_03_28_20_22_02_121045_cat_detected.jpg,n
2024_03_28_20_22_02_282542_cat_detected.jpg,n
2024_03_28_20_22_02_444431_cat_detected.jpg,n
2024_03_28_20_22_02_607320_cat_detected.jpg,n
2024_03_28_20_22_02_766979_cat_detected.jpg,n
2024_03_28_20_22_02_832934_cat_mouth_detected.jpg,n
2024_03_28_20_22_04_042028_cat_detected.jpg,n
2024_03_28_20_22_04_213881_cat_detected.jpg,n
2024_03_28_20_22_04_379332_cat_detected.jpg,n
2024_03_28_20_22_04_443837_cat_mouth_detected.jpg,n
2024_03_28_20_22_04_582253_cat_detected.jpg,n
2024_03_28_20_22_04_744474_cat_detected.jpg,n
2024_03_28_20_22_04_810153_cat_mouth_detected.jpg,n
2024_03_28_20_34_01_288936_cat_detected.jpg,n
2024_03_28_20_34_02_492982_cat_detected.jpg,n
2024_03_28_20_34_02_568519_cat_mouth_detected.jpg,n
2024_03_28_20_34_03_776361_cat_detected.jpg,n
2024_03_28_20_34_03_842623_cat_mouth_detected.jpg,n
2024_03_28_20_34_04_074450_cat_detected.jpg,n
2024_03_28_20_38_25_408301_cat_detected.jpg,n
2024_03_28_20_38_25_486578_cat_mouth_detected.jpg,n
2024_03_28_20_38_26_662169_cat_detected.jpg,n
2024_03_28_20_38_26_727129_cat_mouth_detected.jpg,n
2024_03_28_20_38_26_852088_cat_detected.jpg,n
2024_03_28_20_38_26_914272_cat_mouth_detected.jpg,n
2024_03_28_20_38_27_134316_cat_detected.jpg,n
2024_03_28_20_38_27_386495_cat_detected.jpg,n
2024_03_28_20_38_27_549195_cat_detected.jpg,n
2024_03_28_20_38_27_714874_cat_detected.jpg,n
2024_03_28_20_38_27_878457_cat_detected.jpg,n
2024_03_28_20_38_28_038146_cat_detected.jpg,n
2024_03_28_20_38_28_197811_cat_detected.jpg,n
2024_03_28_20_38_28_358024_cat_detected.jpg,n
2024_03_28_20_38_28_515720_cat_detected.jpg,n
2024_03_28_20_38_28_673413_cat_detected.jpg,n
2024_03_28_20_38_28_738867_cat_mouth_detected.jpg,n
2024_03_28_20_38_28_864356_cat_detected.jpg,n
2024_03_28_20_38_28_926907_cat_mouth_detected.jpg,n
2024_03_28_20_38_29_049755_cat_detected.jpg,n
2024_03_28_20_38_29_400038_cat_detected.jpg,n
2024_03_28_20_38_34_284979_cat_detected.jpg,n
2024_03_28_20_38_34_364441_cat_mouth_detected.jpg,n
2024_03_28_20_38_34_489956_cat_detected.jpg,n
2024_03_28_20_38_34_649074_cat_detected.jpg,n
2024_03_28_20_38_34_806920_cat_detected.jpg,n
2024_03_28_20_38_34_966724_cat_detected.jpg,n
2024_03_28_20_38_35_033111_cat_mouth_detected.jpg,n
2024_03_28_20_38_35_159161_cat_detected.jpg,n
2024_03_28_20_38_35_415354_cat_detected.jpg,n
2024_03_28_20_38_35_482988_cat_mouth_detected.jpg,n
2024_03_28_20_39_25_159645_cat_detected.jpg,n
2024_03_28_20_39_25_235216_cat_mouth_detected.jpg,y
2024_03_28_20_39_26_465286_cat_detected.jpg,y
2024_03_28_20_39_26_537320_cat_mouth_detected.jpg,y
2024_03_28_20_39_26_689205_cat_detected.jpg,y
2024_03_28_20_39_26_753783_cat_mouth_detected.jpg,y
2024_03_28_20_39_26_891546_cat_detected.jpg,y
2024_03_28_20_39_26_958054_cat_mouth_detected.jpg,y
2024_03_28_20_39_27_087525_cat_detected.jpg,y
2024_03_28_20_39_27_153946_cat_mouth_detected.jpg,y
2024_03_28_20_39_27_291925_cat_detected.jpg,y
2024_03_28_20_39_27_353773_cat_mouth_detected.jpg,y
2024_03_28_20_39_27_491243_cat_detected.jpg,y
2024_03_28_20_39_27_557873_cat_mouth_detected.jpg,y
2024_03_28_20_39_27_687365_cat_detected.jpg,y
2024_03_28_20_39_27_754064_cat_mouth_detected.jpg,y
2024_03_28_20_39_27_894111_cat_detected.jpg,y
2024_03_28_20_39_28_055446_cat_detected.jpg,n
2024_03_28_20_39_28_216173_cat_detected.jpg,n
2024_03_28_20_39_28_377374_cat_detected.jpg,n
2024_03_28_20_39_28_537640_cat_detected.jpg,n
2024_03_28_20_39_28_700675_cat_detected.jpg,n
2024_03_28_20_39_29_054449_cat_detected.jpg,n
2024_03_28_20_39_29_693654_cat_detected.jpg,n
2024_03_28_20_39_29_964013_cat_detected.jpg,n
2024_03_28_20_39_30_126486_cat_detected.jpg,n
2024_03_28_20_42_44_834559_cat_detected.jpg,n
2024_03_28_20_42_44_914698_cat_mouth_detected.jpg,n
2024_03_28_20_42_46_138033_cat_detected.jpg,n
2024_03_28_20_42_46_207184_cat_mouth_detected.jpg,n
2024_03_28_20_42_46_351113_cat_detected.jpg,n
2024_03_28_20_42_46_414033_cat_mouth_detected.jpg,n
2024_03_28_20_42_46_547128_cat_detected.jpg,n
2024_03_28_20_42_46_613718_cat_mouth_detected.jpg,n
2024_03_28_20_42_46_748860_cat_detected.jpg,n
2024_03_28_20_42_46_913057_cat_detected.jpg,n
2024_03_28_20_42_47_075841_cat_detected.jpg,n
2024_03_28_20_42_47_238215_cat_detected.jpg,n
2024_03_28_20_42_47_588869_cat_detected.jpg,n
2024_03_28_20_42_47_746650_cat_detected.jpg,n
2024_03_28_20_42_47_905987_cat_detected.jpg,n
2024_03_28_20_42_48_065523_cat_detected.jpg,n
2024_03_28_20_42_48_223354_cat_detected.jpg,n
2024_03_28_20_42_48_385387_cat_detected.jpg,n
2024_03_28_20_42_48_932402_cat_detected.jpg,n
2024_03_28_20_42_48_999694_cat_mouth_detected.jpg,n
2024_03_28_20_42_49_223787_cat_detected.jpg,n
2024_03_28_20_42_49_288608_cat_mouth_detected.jpg,n
2024_03_28_20_42_49_511583_cat_detected.jpg,n
2024_03_28_20_42_49_581230_cat_mouth_detected.jpg,n
2024_03_28_20_42_49_804166_cat_detected.jpg,n
2024_03_28_20_42_49_869762_cat_mouth_detected.jpg,n
2024_03_28_20_43_50_197442_cat_detected.jpg,n
2024_03_28_20_43_50_274189_cat_mouth_detected.jpg,n
2024_03_28_20_43_51_499402_cat_detected.jpg,n
2024_03_28_20_43_51_567277_cat_mouth_detected.jpg,n
2024_03_28_20_43_51_709437_cat_detected.jpg,n
2024_03_28_20_43_51_774482_cat_mouth_detected.jpg,n
2024_03_28_20_43_51_902603_cat_detected.jpg,n
2024_03_28_20_43_51_969081_cat_mouth_detected.jpg,n
2024_03_28_20_43_52_094993_cat_detected.jpg,n
2024_03_28_20_43_52_257771_cat_detected.jpg,n
2024_03_28_20_43_52_322665_cat_mouth_detected.jpg,n
2024_03_28_20_43_52_449499_cat_detected.jpg,n
2024_03_28_20_43_52_515759_cat_mouth_detected.jpg,n
2024_03_28_20_43_52_662244_cat_detected.jpg,n
2024_03_28_20_43_52_726108_cat_mouth_detected.jpg,n
2024_03_28_20_48_52_001975_cat_detected.jpg,n
2024_03_28_20_48_52_079081_cat_mouth_detected.jpg,y
2024_03_28_20_48_53_259321_cat_detected.jpg,y
2024_03_28_20_48_53_327036_cat_mouth_detected.jpg,y
2024_03_28_20_48_53_455136_cat_detected.jpg,y
2024_03_28_20_48_53_521103_cat_mouth_detected.jpg,y
2024_03_28_20_48_53_647774_cat_detected.jpg,y
2024_03_28_20_48_53_710106_cat_mouth_detected.jpg,y
2024_03_28_20_48_53_839429_cat_detected.jpg,y
2024_03_28_20_48_53_908173_cat_mouth_detected.jpg,y
2024_03_28_20_48_54_034648_cat_detected.jpg,y
2024_03_28_20_48_54_099064_cat_mouth_detected.jpg,y
2024_03_28_20_48_54_224300_cat_detected.jpg,y
2024_03_28_20_48_54_291246_cat_mouth_detected.jpg,y
2024_03_28_20_48_54_418294_cat_detected.jpg,y
2024_03_28_20_48_54_484137_cat_mouth_detected.jpg,y
2024_03_28_20_48_54_610085_cat_detected.jpg,y
2024_03_28_20_48_54_675129_cat_mouth_detected.jpg,y
2024_03_28_20_48_54_800375_cat_detected.jpg,n
2024_03_28_20_48_54_864380_cat_mouth_detected.jpg,n
2024_03_28_20_48_54_989313_cat_detected.jpg,n
2024_03_28_20_48_55_245377_cat_detected.jpg,n
2024_03_28_20_48_55_504542_cat_detected.jpg,n
2024_03_28_20_52_37_269037_cat_detected.jpg,y
2024_03_28_20_52_37_344617_cat_mouth_detected.jpg,y
2024_03_28_20_52_38_552510_cat_detected.jpg,y
2024_03_28_20_52_38_622815_cat_mouth_detected.jpg,y
2024_03_28_20_52_38_847014_cat_detected.jpg,y
2024_03_28_20_52_38_912057_cat_mouth_detected.jpg,y
2024_03_28_20_52_39_038213_cat_detected.jpg,y
2024_03_28_20_52_39_103478_cat_mouth_detected.jpg,y
2024_03_28_20_52_39_229036_cat_detected.jpg,y
2024_03_28_20_52_39_294817_cat_mouth_detected.jpg,y
2024_03_28_20_52_39_421188_cat_detected.jpg,y
2024_03_28_20_52_39_482787_cat_mouth_detected.jpg,y
2024_03_28_20_52_39_607740_cat_detected.jpg,y
2024_03_28_20_52_39_763893_cat_mouth_detected.jpg,y
2024_03_28_20_52_39_981850_cat_detected.jpg,y
2024_03_28_20_52_40_045174_cat_mouth_detected.jpg,y
2024_03_28_20_52_40_238218_cat_detected.jpg,y
2024_03_28_20_52_40_406302_cat_detected.jpg,y
2024_03_28_20_52_40_560716_cat_mouth_detected.jpg,y
